0.038051530718803406,0.5181284546852112,-0.22488802671432495
0.03565476834774017,0.5180919766426086,-0.22489053010940552
0.03332703560590744,0.5180569887161255,-0.22489255666732788
0.031073465943336487,0.5180237293243408,-0.2248941957950592
0.028898589313030243,0.5179919600486755,-0.22489550709724426
0.026806354522705078,0.5179618000984192,-0.22489655017852783
0.024800144135951996,0.5179331302642822,-0.2248973846435547
0.022882822901010513,0.5179058313369751,-0.22489804029464722
0.021056775003671646,0.5178800225257874,-0.2248985469341278
0.019323989748954773,0.5178556442260742,-0.22489893436431885
0.017686087638139725,0.5178326964378357,-0.22489920258522034
0.016144469380378723,0.517811119556427,-0.22489944100379944
0.014700334519147873,0.5177909135818481,-0.22489959001541138
0.013354796916246414,0.5177720189094543,-0.22489973902702332
0.01210889220237732,0.5177546143531799,-0.22489982843399048
0.010963678359985352,0.5177385210990906,-0.22489991784095764
0.009920269250869751,0.5177238583564758,-0.22489994764328003
0.008979842066764832,0.5177106857299805,-0.22489997744560242
0.008143693208694458,0.5176989436149597,-0.2249000370502472
0.007413148880004883,0.5176886320114136,-0.2249000370502472
0.0067896768450737,0.5176798701286316,-0.22490006685256958
0.006274767220020294,0.5176725387573242,-0.22490006685256958
0.005869980901479721,0.517666757106781,-0.22490009665489197
0.005576830357313156,0.5176626443862915,-0.22490009665489197
0.005396809428930283,0.5176600813865662,-0.22490009665489197
0.005331363528966904,0.5176591873168945,-0.22490009665489197
0.005381777882575989,0.5176598429679871,-0.22490009665489197
0.0033450908958911896,0.5314765572547913,-0.2102738469839096
0.0011949948966503143,0.5469082593917847,-0.19229209423065186
-0.0006385035812854767,0.561363935470581,-0.17358385026454926
-0.0021335482597351074,0.5747859477996826,-0.15425056219100952
-0.0032730083912611008,0.5871285200119019,-0.13440079987049103
-0.0040447525680065155,0.598358154296875,-0.1141485869884491
-0.004441786557435989,0.6084542274475098,-0.09361201524734497
-0.004462277516722679,0.6174094080924988,-0.07291126251220703
-0.004109421744942665,0.6252289414405823,-0.052167102694511414
-0.003391161561012268,0.6319314241409302,-0.031499266624450684
-0.0023198947310447693,0.6375472545623779,-0.011024683713912964
-0.000911986455321312,0.6421188116073608,0.009143531322479248
0.000812845304608345,0.6456987261772156,0.02889782190322876
0.002832062542438507,0.6483496427536011,0.04813680052757263
0.005120975896716118,0.6501424312591553,0.06676651537418365
0.007653461769223213,0.6511550545692444,0.0847005844116211
0.010402599349617958,0.6514711976051331,0.10186128318309784
0.013341305777430534,0.6511787176132202,0.11817914247512817
0.016442978754639626,0.6503682732582092,0.13359317183494568
0.01968200132250786,0.6491318345069885,0.14805081486701965
0.0230342298746109,0.6475611925125122,0.16150712966918945
0.026477348059415817,0.6457467079162598,0.17392480373382568
0.029991209506988525,0.6437758207321167,0.18527323007583618
0.0335579514503479,0.641731858253479,0.19552764296531677
0.03716213256120682,0.6396931409835815,0.20466871559619904
0.04079073294997215,0.6377317905426025,0.2126813381910324
0.04443303495645523,0.6359126567840576,0.2195541113615036
0.048080477863550186,0.6342929601669312,0.22527876496315002
0.051726363599300385,0.6329208612442017,0.22984904050827026
0.05536558851599693,0.6318358182907104,0.23326019942760468
0.05899426341056824,0.6310676336288452,0.23550911247730255
0.06260931491851807,0.6306357383728027,0.2365931272506714
0.066208116710186,0.6305496692657471,0.2365102469921112
0.06978803873062134,0.6308088302612305,0.2352593094110489
0.07334607094526291,0.6314020752906799,0.23283955454826355
0.07687845081090927,0.6323081254959106,0.22925128042697906
0.08038032799959183,0.633496105670929,0.22449582815170288
0.08384550362825394,0.634925365447998,0.21857640147209167
0.08726618438959122,0.6365464925765991,0.2114981859922409
0.0906328558921814,0.6383017301559448,0.2032693326473236
0.09393418580293655,0.6401256918907166,0.19390155375003815
0.09715697169303894,0.6419462561607361,0.18341048061847687
0.10028623044490814,0.6436855792999268,0.1718166023492813
0.10330525040626526,0.6452611684799194,0.15914592146873474
0.10619582235813141,0.6465868353843689,0.14543046057224274
0.10893835127353668,0.6475739479064941,0.1307087540626526
0.1115122064948082,0.6481325030326843,0.11502628028392792
0.11389598250389099,0.6481728553771973,0.09843586385250092
0.11606782674789429,0.6476062536239624,0.0809980183839798
0.11800585687160492,0.6463464498519897,0.06278109550476074
0.11968851089477539,0.644311249256134,0.043860867619514465
0.12109507620334625,0.6414231061935425,0.024320989847183228
0.12220609188079834,0.6376110315322876,0.004252493381500244
0.12300383299589157,0.6328111290931702,-0.0162467360496521
0.12347286939620972,0.6269683241844177,-0.03707236051559448
0.12360052764415741,0.6200368404388428,-0.058114320039749146
0.12337736785411835,0.6119815111160278,-0.0792580246925354
0.1227976530790329,0.6027787923812866,-0.100384920835495
0.12185979634523392,0.5924168825149536,-0.12137414515018463
0.12056663632392883,0.5808969736099243,-0.1421036720275879
0.11892580986022949,0.5682332515716553,-0.16245204210281372
0.11694981157779694,0.5544531941413879,-0.1822996437549591
0.11465607583522797,0.5395976901054382,-0.20153068006038666
0.11206696927547455,0.5237204432487488,-0.22003480792045593
0.1112823337316513,0.5198737382888794,-0.22423642873764038
0.11098659038543701,0.5198630690574646,-0.2242431342601776
0.1105642020702362,0.5198479890823364,-0.2242526412010193
0.11001484096050262,0.5198284983634949,-0.22426488995552063
0.10933858156204224,0.5198045372962952,-0.22427967190742493
0.10853585600852966,0.5197763442993164,-0.2242969274520874
0.10760749876499176,0.5197441577911377,-0.22431641817092896
0.10655477643013,0.5197080373764038,-0.22433793544769287
0.10537935048341751,0.5196682214736938,-0.22436130046844482
0.10408331453800201,0.5196250677108765,-0.22438621520996094
0.10266916453838348,0.5195786952972412,-0.22441238164901733
0.10113978385925293,0.5195293426513672,-0.2244395613670349
0.09949851036071777,0.5194774270057678,-0.2244674563407898
0.0977490246295929,0.5194233059883118,-0.2244957983493805
0.09589541703462601,0.5193672776222229,-0.22452428936958313
0.09394213557243347,0.5193094611167908,-0.22455266118049622
0.0918939858675003,0.5192503929138184,-0.22458067536354065
0.08975611627101898,0.5191903710365295,-0.22460806369781494
0.08753401041030884,0.5191295742988586,-0.22463464736938477
0.08523344248533249,0.5190685391426086,-0.2246602177619934
0.08286052942276001,0.5190072655677795,-0.22468462586402893
0.08042167872190475,0.5189463496208191,-0.2247077226638794
0.07792353630065918,0.5188857316970825,-0.22472938895225525
0.07537306845188141,0.5188259482383728,-0.2247495949268341
0.07277745008468628,0.5187669992446899,-0.2247682511806488
0.07014412432909012,0.5187090635299683,-0.22478535771369934
0.06748071312904358,0.5186524391174316,-0.22480088472366333
0.06479504704475403,0.5185971856117249,-0.22481492161750793
0.062095094472169876,0.5185433626174927,-0.22482746839523315
0.059388939291238785,0.5184911489486694,-0.22483858466148376
0.056684739887714386,0.5184405446052551,-0.22484835982322693
0.053990669548511505,0.5183917284011841,-0.2248569130897522
0.0513148233294487,0.5183445811271667,-0.22486430406570435
0.04866523668169975,0.5182992219924927,-0.22487062215805054
0.046049702912569046,0.5182556509971619,-0.2248760163784027
0.043475791811943054,0.51821368932724,-0.22488057613372803
0.0409507192671299,0.5181735157966614,-0.22488436102867126
0.03848129138350487,0.5181350708007812,-0.22488752007484436
0.03607386723160744,0.5180982947349548,-0.2248901128768921
0.033734243363142014,0.5180630683898926,-0.22489222884178162
0.031467683613300323,0.5180295705795288,-0.22489392757415771
0.029278885573148727,0.5179975032806396,-0.22489529848098755
0.02717190608382225,0.5179669857025146,-0.2248964011669159
0.02515028417110443,0.5179381370544434,-0.22489723563194275
0.02321700006723404,0.5179105401039124,-0.22489792108535767
0.021374545991420746,0.5178845524787903,-0.22489842772483826
0.019625000655651093,0.517859935760498,-0.22489884495735168
0.017970077693462372,0.5178366303443909,-0.22489917278289795
0.01641121879220009,0.5178147554397583,-0.22489941120147705
0.014949675649404526,0.5177943706512451,-0.22489959001541138
0.013586550951004028,0.5177753567695618,-0.22489970922470093
0.012322880327701569,0.5177576541900635,-0.22489982843399048
0.01115972176194191,0.5177413821220398,-0.22489988803863525
0.010098136961460114,0.5177264213562012,-0.22489994764328003
0.009139269590377808,0.5177129507064819,-0.22489997744560242
0.008284348994493484,0.5177009105682373,-0.2249000370502472
0.007534690201282501,0.5176903605461121,-0.2249000370502472
0.006891671568155289,0.5176813006401062,-0.22490006685256958
0.00635673850774765,0.517673671245575,-0.22490006685256958
0.005931399762630463,0.5176676511764526,-0.22490009665489197
0.005617160350084305,0.5176632404327393,-0.22490009665489197
0.005415458232164383,0.51766037940979,-0.22490009665489197
0.005327720195055008,0.5176591277122498,-0.22490009665489197
0.005355212837457657,0.517659604549408,-0.22490009665489197
0.003825455904006958,0.5281410217285156,-0.21392399072647095
0.001619286835193634,0.5437270998954773,-0.19615492224693298
-0.0002766922116279602,0.5583553314208984,-0.17764386534690857
-0.0018398948013782501,0.5719662308692932,-0.1584899127483368
-0.0030523277819156647,0.5845118761062622,-0.1387995183467865
-0.0039009153842926025,0.5959565043449402,-0.11868484318256378
-0.004377642646431923,0.6062771081924438,-0.09826239943504333
-0.004479607567191124,0.615463376045227,-0.07765117287635803
-0.004208946600556374,0.6235181093215942,-0.05697092413902283
-0.00357251800596714,0.630456805229187,-0.03634089231491089
-0.002581695094704628,0.6363070011138916,-0.015877842903137207
-0.0012518689036369324,0.6411083936691284,0.004305064678192139
0.00039809197187423706,0.6449109315872192,0.024099737405776978
0.0023464132100343704,0.6477745175361633,0.043404191732406616
0.0045690592378377914,0.6497678160667419,0.06212329864501953
0.007040390744805336,0.6509665250778198,0.08016963303089142
0.00973384827375412,0.6514524817466736,0.09746396541595459
0.012622570618987083,0.6513120532035828,0.11393538117408752
0.015680016949772835,0.6506344676017761,0.12952134013175964
0.018880506977438927,0.6495108604431152,0.14416758716106415
0.022199729457497597,0.6480323076248169,0.157827690243721
0.025615090504288673,0.6462889909744263,0.17046281695365906
0.029106028378009796,0.6443683505058289,0.182040736079216
0.0326542854309082,0.6423542499542236,0.1925354152917862
0.03624393045902252,0.6403256058692932,0.2019263207912445
0.03986145183444023,0.6383556127548218,0.21019737422466278
0.04349563643336296,0.6365104913711548,0.2173362374305725
0.04713744670152664,0.634848952293396,0.22333377599716187
0.05077976733446121,0.6334212422370911,0.22818304598331451
0.05441712960600853,0.6322687864303589,0.2318790704011917
0.05804535746574402,0.63142329454422,0.23441801965236664
0.06166119500994682,0.6309071779251099,0.23579703271389008
0.06526190042495728,0.6307322978973389,0.2360140085220337
0.06884483993053436,0.6309008002281189,0.2350671887397766
0.0724070817232132,0.6314041614532471,0.23295576870441437
0.07594504952430725,0.6322242021560669,0.2296794205904007
0.07945416867733002,0.6333323121070862,0.22523918747901917
0.08292854577302933,0.6346909999847412,0.21963751316070557
0.08636079728603363,0.6362532377243042,0.21287901699543
0.08974182605743408,0.6379638910293579,0.20497097074985504
0.09306074678897858,0.6397597789764404,0.19592374563217163
0.09630481898784637,0.641571044921875,0.18575184047222137
0.09945951402187347,0.6433217525482178,0.17447444796562195
0.10250856727361679,0.6449308395385742,0.1621159017086029
0.1054341197013855,0.6463135480880737,0.14870627224445343
0.10821697115898132,0.6473822593688965,0.13428236544132233
0.11083675920963287,0.6480478048324585,0.11888760328292847
0.1132722944021225,0.6482206583023071,0.10257276892662048
0.11550187319517136,0.6478121280670166,0.08539612591266632
0.11750364303588867,0.6467357873916626,0.06742355227470398
0.11925601959228516,0.6449086666107178,0.048728927969932556
0.12073814123868942,0.6422523260116577,0.029393374919891357
0.12193021923303604,0.638694167137146,0.009505689144134521
0.12281418591737747,0.6341688632965088,-0.010838359594345093
0.12337405979633331,0.6286191940307617,-0.031536445021629333
0.1235964447259903,0.6219968795776367,-0.052480459213256836
0.12347114086151123,0.6142643094062805,-0.07355743646621704
0.12299145758152008,0.6053948402404785,-0.09465035796165466
0.12215471267700195,0.5953735709190369,-0.11563937366008759
0.12096258252859116,0.5841981768608093,-0.1364034116268158
0.11942136287689209,0.5718792080879211,-0.15682125091552734
0.11754219979047775,0.5584405064582825,-0.17677342891693115
0.11534114927053452,0.5439189076423645,-0.19614353775978088
0.11283912509679794,0.5283645391464233,-0.2148202359676361
0.11134602129459381,0.5198760628700256,-0.22423496842384338
0.11108657717704773,0.5198666453361511,-0.22424086928367615
0.11070101708173752,0.519852876663208,-0.22424957156181335
0.11018899083137512,0.519834578037262,-0.22426101565361023
0.10955044627189636,0.5198119282722473,-0.22427505254745483
0.10878576338291168,0.5197851657867432,-0.22429159283638
0.10789564996957779,0.5197541117668152,-0.22431042790412903
0.10688126087188721,0.5197191834449768,-0.2243313491344452
0.1057441234588623,0.5196805596351624,-0.22435414791107178
0.10448622703552246,0.5196384787559509,-0.2243785560131073
0.10310989618301392,0.5195930600166321,-0.22440433502197266
0.10161791741847992,0.5195446610450745,-0.22443118691444397
0.10001346468925476,0.5194936394691467,-0.22445884346961975
0.09830008447170258,0.519440233707428,-0.2244870364665985
0.09648172557353973,0.5193848013877869,-0.22451543807983398
0.09456269443035126,0.5193275809288025,-0.22454383969306946
0.09254761785268784,0.5192691087722778,-0.22457191348075867
0.09044152498245239,0.5192093849182129,-0.22459948062896729
0.08824974298477173,0.5191489458084106,-0.2246263027191162
0.08597789704799652,0.5190880298614502,-0.22465214133262634
0.0836319625377655,0.5190269947052002,-0.22467690706253052
0.0812181681394577,0.5189660787582397,-0.22470039129257202
0.07874306291341782,0.5189054608345032,-0.2247225046157837
0.07621342688798904,0.5188454985618591,-0.22474312782287598
0.07363630831241608,0.5187861919403076,-0.22476229071617126
0.07101902365684509,0.5187280774116516,-0.22477987408638
0.06836904585361481,0.5186710357666016,-0.2247958779335022
0.06569410860538483,0.5186154842376709,-0.224810391664505
0.06300206482410431,0.5185612440109253,-0.22482341527938843
0.060300905257463455,0.5185084939002991,-0.22483497858047485
0.05759872496128082,0.5184574723243713,-0.22484520077705383
0.05490364506840706,0.5184081196784973,-0.22485414147377014
0.05222376808524132,0.5183604955673218,-0.22486191987991333
0.04956711083650589,0.5183145403862,-0.2248685657978058
0.04694152995944023,0.5182703137397766,-0.22487425804138184
0.04435467720031738,0.5182278752326965,-0.22487908601760864
0.04181387647986412,0.5181871652603149,-0.22488313913345337
0.03932609409093857,0.5181481838226318,-0.2248864769935608
0.036897845566272736,0.5181108117103577,-0.22488927841186523
0.034535158425569534,0.518075168132782,-0.2248915433883667
0.032243512570858,0.5180409550666809,-0.22489339113235474
0.030027825385332108,0.5180084109306335,-0.22489485144615173
0.02789241448044777,0.5179774761199951,-0.22489604353904724
0.02584102749824524,0.5179479718208313,-0.22489696741104126
0.023876886814832687,0.5179199576377869,-0.22489771246910095
0.022002678364515305,0.5178934335708618,-0.22489827871322632
0.02022065594792366,0.5178682804107666,-0.22489872574806213
0.01853267475962639,0.517844557762146,-0.2248990535736084
0.016940303146839142,0.517822265625,-0.2248993217945099
0.015444856137037277,0.5178012251853943,-0.2248995304107666
0.014047499746084213,0.5177817344665527,-0.22489967942237854
0.012749303132295609,0.5177635550498962,-0.2248997688293457
0.011551298201084137,0.5177468061447144,-0.22489988803863525
0.010454531759023666,0.5177313685417175,-0.22489994764328003
0.009460113942623138,0.5177174806594849,-0.22489997744560242
0.008569225668907166,0.5177049040794373,-0.2249000072479248
0.007783100008964539,0.517693817615509,-0.2249000370502472
0.007103074342012405,0.5176842212677002,-0.2249000370502472
0.0065305642783641815,0.5176761746406555,-0.22490006685256958
0.00606701523065567,0.5176696181297302,-0.22490006685256958
0.005713876336812973,0.5176645517349243,-0.22490009665489197
0.005472615361213684,0.5176612138748169,-0.22490009665489197
0.005344599485397339,0.5176593661308289,-0.22490009665489197
0.005331140011548996,0.5176591277122498,-0.22490009665489197
0.004689101129770279,0.5223149061203003,-0.22011485695838928
0.0023833345621824265,0.5381940007209778,-0.2026757001876831
0.0003775358200073242,0.5531429648399353,-0.18446491658687592
-0.001304328441619873,0.5670990347862244,-0.1655781865119934
-0.0026426799595355988,0.5800104141235352,-0.14611878991127014
-0.0036227498203516006,0.5918371677398682,-0.12619638442993164
-0.004234775900840759,0.6025517582893372,-0.10592538118362427
-0.004474027082324028,0.6121394634246826,-0.0854232907295227
-0.004340793937444687,0.6205983757972717,-0.06480912864208221
-0.0038402117788791656,0.6279391646385193,-0.044201597571372986
-0.002982005476951599,0.6341851353645325,-0.023717910051345825
-0.0017800088971853256,0.6393711566925049,-0.0034719109535217285
-0.00025174394249916077,0.643543004989624,0.016426920890808105
0.0015821624547243118,0.6467570066452026,0.03587493300437927
0.0036986451596021652,0.6490778923034668,0.05477491021156311
0.006072748452425003,0.650578498840332,0.0730370581150055
0.008678382262587547,0.6513380408287048,0.09057940542697906
0.011488914489746094,0.6514405012130737,0.10732844471931458
0.014477821066975594,0.6509737372398376,0.12321873009204865
0.017619209364056587,0.6500276923179626,0.13819321990013123
0.02088836021721363,0.6486928462982178,0.15220260620117188
0.024262139573693275,0.647059440612793,0.16520555317401886
0.027719348669052124,0.6452152729034424,0.17716734111309052
0.031240904703736305,0.6432453989982605,0.1880597621202469
0.03481009230017662,0.641230046749115,0.1978602111339569
0.038412533700466156,0.6392443776130676,0.20655083656311035
0.04203619807958603,0.6373568773269653,0.21411806344985962
0.0456712543964386,0.6356289386749268,0.2205512970685959
0.04930990934371948,0.6341139078140259,0.2258429378271103
0.0529460683465004,0.6328564286231995,0.22998705506324768
0.05657510086894035,0.6318919658660889,0.2329794317483902
0.06019340455532074,0.6312465071678162,0.2348165661096573
0.06379806250333786,0.6309361457824707,0.23549602925777435
0.06738641113042831,0.6309667825698853,0.2350158393383026
0.07095564901828766,0.6313342452049255,0.23337465524673462
0.07450246810913086,0.632024347782135,0.23057173192501068
0.07802268117666245,0.6330128908157349,0.22660766541957855
0.08151093125343323,0.6342660188674927,0.22148407995700836
0.08496040850877762,0.6357407569885254,0.2152044028043747
0.0883626937866211,0.6373856067657471,0.2077747881412506
0.09170760214328766,0.6391406059265137,0.1992042362689972
0.09498311579227448,0.6409393548965454,0.1895054429769516
0.09817542135715485,0.6427080631256104,0.17869539558887482
0.10126890987157822,0.6443683505058289,0.16679608821868896
0.1042463555932045,0.645837128162384,0.15383535623550415
0.10708906501531601,0.6470283269882202,0.13984696567058563
0.10977714508771896,0.6478535532951355,0.12487143278121948
0.11228972673416138,0.6482235789299011,0.10895653069019318
0.11460530757904053,0.6480499505996704,0.09215717017650604
0.11670209467411041,0.6472452282905579,0.07453607022762299
0.11855840682983398,0.6457254886627197,0.05616362392902374
0.12015311419963837,0.6434104442596436,0.03711786866188049
0.1214660108089447,0.6402255296707153,0.01748424768447876
0.12247832864522934,0.6361024379730225,-0.0026444196701049805
0.1231733039021492,0.630980908870697,-0.02316877245903015
0.12353650480508804,0.624809205532074,-0.04398338496685028
0.1235564723610878,0.617545485496521,-0.06497745215892792
0.12322508543729782,0.6091585755348206,-0.0860358327627182
0.12253803759813309,0.5996289849281311,-0.10704030096530914
0.12149526178836823,0.5889490842819214,-0.12787051498889923
0.12010113894939423,0.5771243572235107,-0.1484057456254959
0.11836480349302292,0.5641728043556213,-0.16852602362632751
0.11630025506019592,0.5501259565353394,-0.18811410665512085
0.11392638087272644,0.5350281000137329,-0.20705698430538177
0.11141751706600189,0.5198785662651062,-0.22423332929611206
0.11121121048927307,0.519871175289154,-0.22423803806304932
0.11087934672832489,0.519859254360199,-0.2242455780506134
0.11042146384716034,0.5198428630828857,-0.22425585985183716
0.10983741283416748,0.5198221206665039,-0.22426879405975342
0.10912737250328064,0.5197970867156982,-0.22428426146507263
0.10829193890094757,0.5197678804397583,-0.22430208325386047
0.10733209550380707,0.5197346210479736,-0.224322110414505
0.10624919831752777,0.5196977257728577,-0.22434407472610474
0.10504502803087234,0.5196570754051208,-0.22436779737472534
0.10372178256511688,0.5196130871772766,-0.22439298033714294
0.10228203237056732,0.5195660591125488,-0.22441935539245605
0.10072878003120422,0.5195162892341614,-0.22444668412208557
0.0990653932094574,0.5194639563560486,-0.22447460889816284
0.0972956195473671,0.5194094777107239,-0.22450292110443115
0.09542356431484222,0.5193531513214111,-0.22453129291534424
0.09345372766256332,0.5192952156066895,-0.224559485912323
0.09139090776443481,0.519236147403717,-0.22458729147911072
0.08924024552106857,0.5191761255264282,-0.22461441159248352
0.08700723946094513,0.5191154479980469,-0.22464069724082947
0.08469763398170471,0.5190544724464417,-0.22466591000556946
0.08231751620769501,0.5189935564994812,-0.22468993067741394
0.0798732340335846,0.5189328789710999,-0.22471264004707336
0.07737141847610474,0.5188726186752319,-0.22473394870758057
0.07481896132230759,0.5188131928443909,-0.224753737449646
0.0722229927778244,0.5187546014785767,-0.22477200627326965
0.06959086656570435,0.5186971426010132,-0.22478872537612915
0.0669301450252533,0.51864093542099,-0.2248038947582245
0.06424859166145325,0.5185860991477966,-0.22481757402420044
0.06155407428741455,0.5185327529907227,-0.2248297929763794
0.058854613453149796,0.5184810161590576,-0.22484061121940613
0.056158263236284256,0.5184308886528015,-0.2248501181602478
0.05347311124205589,0.5183824896812439,-0.22485843300819397
0.05080718547105789,0.51833575963974,-0.22486558556556702
0.04816840589046478,0.5182908177375793,-0.2248716950416565
0.04556451365351677,0.5182476043701172,-0.22487694025039673
0.04300297796726227,0.5182060599327087,-0.22488132119178772
0.04049092158675194,0.5181663632392883,-0.2248849868774414
0.038035109639167786,0.5181281566619873,-0.22488802671432495
0.03564179316163063,0.5180917382240295,-0.22489053010940552
0.03331675007939339,0.5180568695068359,-0.22489255666732788
0.03106517717242241,0.518023669719696,-0.2248941957950592
0.028891712427139282,0.5179919004440308,-0.22489550709724426
0.026800405234098434,0.5179616808891296,-0.22489655017852783
0.02479475364089012,0.5179330110549927,-0.2248973846435547
0.02287771925330162,0.5179057717323303,-0.22489804029464722
0.0210517980158329,0.5178799033164978,-0.2248985469341278
0.01931905373930931,0.5178555846214294,-0.22489893436431885
0.017681214958429337,0.5178325772285461,-0.22489920258522034
0.016139712184667587,0.5178110003471375,-0.22489944100379944
0.01469581201672554,0.5177907943725586,-0.22489959001541138
0.013350628316402435,0.5177719593048096,-0.22489973902702332
0.01210518553853035,0.5177546143531799,-0.22489982843399048
0.01096055656671524,0.5177384614944458,-0.22489991784095764
0.00991779938340187,0.5177238583564758,-0.22489994764328003
0.00897802785038948,0.5177106857299805,-0.22489997744560242
0.008142441511154175,0.5176988840103149,-0.2249000370502472
0.007412321865558624,0.5176886320114136,-0.2249000370502472
0.006789028644561768,0.5176798105239868,-0.22490006685256958
0.006273947656154633,0.5176725387573242,-0.22490006685256958
0.005868501961231232,0.517666757106781,-0.22490009665489197
0.005574140697717667,0.5176625847816467,-0.22490009665489197
0.005392249673604965,0.5176600813865662,-0.22490009665489197
0.005324125289916992,0.5176590085029602,-0.22490009665489197
0.0053710006177425385,0.5176597237586975,-0.22490009665489197
0.00345660001039505,0.5306777954101562,-0.2111550271511078
0.001307845115661621,0.5460538864135742,-0.19333797693252563
-0.0005288664251565933,0.5604692101478577,-0.17480114102363586
-0.002031933516263962,0.5738669037818909,-0.15564382076263428
-0.003184353932738304,0.5862016081809998,-0.13597238063812256
-0.003973988816142082,0.5974398255348206,-0.11589851975440979
-0.004393719136714935,0.6075610518455505,-0.095537930727005
-0.004441455006599426,0.6165570020675659,-0.07500846683979034
-0.004120016470551491,0.6244323253631592,-0.054428547620773315
-0.0034368783235549927,0.6312042474746704,-0.03391575813293457
-0.00240386463701725,0.63690185546875,-0.013585090637207031
-0.0010366905480623245,0.6415656208992004,0.006452351808547974
0.0006456058472394943,0.6452464461326599,0.026090383529663086
0.0026211701333522797,0.6480048298835754,0.04522907733917236
0.004866069182753563,0.649909257888794,0.06377536058425903
0.007354831323027611,0.6510356068611145,0.08164387941360474
0.010061178356409073,0.6514652371406555,0.0987573117017746
0.012958602979779243,0.6512837409973145,0.1150464117527008
0.016021018847823143,0.650579571723938,0.13045023381710052
0.019223185256123543,0.6494426727294922,0.14491601288318634
0.02254130132496357,0.6479630470275879,0.15839865803718567
0.02595326490700245,0.6462293863296509,0.170860156416893
0.029439030215144157,0.6443277597427368,0.18226943910121918
0.032980777323246,0.6423402428627014,0.1926010698080063
0.03656303137540817,0.6403446197509766,0.20183488726615906
0.04017264395952225,0.6384122371673584,0.2099553346633911
0.04379874840378761,0.6366077661514282,0.21695026755332947
0.047432564198970795,0.63498854637146,0.2228105068206787
0.051067203283309937,0.6336033940315247,0.227529376745224
0.05469732731580734,0.6324923038482666,0.23110179603099823
0.0583188533782959,0.6316859722137451,0.2335236817598343
0.06192854791879654,0.6312054991722107,0.23479214310646057
0.0655236542224884,0.6310619115829468,0.23490487039089203
0.06910144537687302,0.6312562227249146,0.2338600754737854
0.07265891134738922,0.6317795515060425,0.23165658116340637
0.07619230449199677,0.6326127052307129,0.228294238448143
0.07969687879085541,0.6337271928787231,0.22377385199069977
0.08316657692193985,0.6350847482681274,0.21809789538383484
0.08659380674362183,0.636638343334198,0.21127107739448547
0.08996923267841339,0.638332724571228,0.2033005952835083
0.0932818204164505,0.6401047110557556,0.19419708847999573
0.0965186133980751,0.6418848037719727,0.18397527933120728
0.09966491907835007,0.6435971260070801,0.17265437543392181
0.10270431637763977,0.6451612710952759,0.16025897860527039
0.10561884939670563,0.6464927196502686,0.14681968092918396
0.10838920623064041,0.6475045680999756,0.1323734074831009
0.11099499464035034,0.6481083035469055,0.1169639378786087
0.11341502517461777,0.648215115070343,0.10064242780208588
0.11562763899564743,0.6477372646331787,0.08346740901470184
0.11761108785867691,0.6465890407562256,0.06550508737564087
0.11934393644332886,0.644688606262207,0.04682949185371399
0.12080550938844681,0.6419585347175598,0.027522027492523193
0.12197630852460861,0.638327419757843,0.00767168402671814
0.12283853441476822,0.6337308883666992,-0.012625962495803833
0.12337654083967209,0.6281128525733948,-0.033268511295318604
0.12357738614082336,0.6214264631271362,-0.05414833128452301
0.12343116849660873,0.6136351823806763,-0.07515260577201843
0.12293166667222977,0.6047133207321167,-0.0961650013923645
0.1220765933394432,0.5946472883224487,-0.11706644296646118
0.1208680048584938,0.5834356546401978,-0.13773654401302338
0.119312584400177,0.5710898637771606,-0.15805529057979584
0.11742178350687027,0.5576344132423401,-0.17790424823760986
0.11521191895008087,0.5431067943572998,-0.19716839492321014
0.1127040907740593,0.5275574922561646,-0.2157377004623413
0.11133427917957306,0.5198756456375122,-0.22423520684242249
0.1110692247748375,0.5198661088943481,-0.2242412567138672
0.11067859083414078,0.5198521018028259,-0.22425007820129395
0.11016211658716202,0.5198336839675903,-0.22426161170005798
0.10951977968215942,0.5198109149932861,-0.22427573800086975
0.10875199735164642,0.5197839140892029,-0.2242923080921173
0.1078595519065857,0.5197528600692749,-0.22431117296218872
0.10684359073638916,0.5197179317474365,-0.22433212399482727
0.10570569336414337,0.5196791887283325,-0.22435489296913147
0.10444782674312592,0.5196371674537659,-0.2243792712688446
0.10307234525680542,0.5195918083190918,-0.22440502047538757
0.10158205032348633,0.5195435285568237,-0.2244318127632141
0.09998004138469696,0.5194925665855408,-0.22445940971374512
0.09826989471912384,0.5194393992424011,-0.2244875133037567
0.09645548462867737,0.5193840861320496,-0.2245158553123474
0.09454110264778137,0.51932692527771,-0.22454413771629333
0.09253133088350296,0.5192685723304749,-0.22457215189933777
0.09043112397193909,0.5192091464996338,-0.22459962964057922
0.08824574202299118,0.5191488862037659,-0.224626362323761
0.08598075062036514,0.5190881490707397,-0.22465214133262634
0.08364204317331314,0.5190272927284241,-0.22467678785324097
0.08123576641082764,0.5189664959907532,-0.2247002124786377
0.07876837253570557,0.5189060568809509,-0.2247222661972046
0.07624655216932297,0.5188462734222412,-0.22474288940429688
0.07367726415395737,0.5187872052192688,-0.2247619926929474
0.0710677057504654,0.5187291502952576,-0.22477954626083374
0.06842527538537979,0.5186723470687866,-0.22479557991027832
0.06575757265090942,0.518616795539856,-0.22481006383895874
0.06307239085435867,0.5185626745223999,-0.22482308745384216
0.06037761643528938,0.5185100436210632,-0.22483468055725098
0.05768124386668205,0.5184590816497803,-0.22484493255615234
0.05499132722616196,0.5184097290039062,-0.22485387325286865
0.05231589451432228,0.5183620452880859,-0.22486165165901184
0.04966290667653084,0.5183160901069641,-0.22486835718154907
0.04704020172357559,0.5182719826698303,-0.2248740792274475
0.04445537552237511,0.5182294845581055,-0.22487890720367432
0.04191577062010765,0.5181888341903687,-0.22488299012184143
0.03942835330963135,0.518149733543396,-0.22488638758659363
0.03699967637658119,0.5181123614311218,-0.22488915920257568
0.03463581204414368,0.5180765986442566,-0.22489145398139954
0.032342299818992615,0.5180423855781555,-0.22489330172538757
0.030124109238386154,0.5180099010467529,-0.22489479184150696
0.027985677123069763,0.5179787874221802,-0.22489601373672485
0.025930825620889664,0.5179492831230164,-0.22489693760871887
0.023962847888469696,0.5179210901260376,-0.22489768266677856
0.022084541618824005,0.5178945064544678,-0.22489827871322632
0.020298242568969727,0.5178693532943726,-0.22489872574806213
0.01860586553812027,0.517845630645752,-0.2248990535736084
0.017009053379297256,0.5178231596946716,-0.2248993217945099
0.015509169548749924,0.5178021192550659,-0.2248995304107666
0.01410740613937378,0.5177825689315796,-0.22489964962005615
0.012804865837097168,0.5177642703056335,-0.2248997688293457
0.01160258799791336,0.5177474617958069,-0.22489988803863525
0.010501615703105927,0.5177320837974548,-0.22489994764328003
0.009503040462732315,0.5177180767059326,-0.22489997744560242
0.008607994765043259,0.5177054405212402,-0.2249000072479248
0.007817711681127548,0.5176942944526672,-0.2249000370502472
0.007133468985557556,0.5176846981048584,-0.2249000370502472
0.006556626409292221,0.5176764726638794,-0.22490006685256958
0.006088573485612869,0.5176699161529541,-0.22490006685256958
0.005730733275413513,0.5176648497581482,-0.22490009665489197
0.005484472960233688,0.5176613926887512,-0.22490009665489197
0.0053511448204517365,0.5176594257354736,-0.22490009665489197
0.005332000553607941,0.5176591873168945,-0.22490009665489197
0.004823513329029083,0.5214412212371826,-0.22102387249469757
0.002510715276002884,0.5373151302337646,-0.20368927717208862
0.0004949066787958145,0.552268385887146,-0.18558421730995178
-0.0011999309062957764,0.5662382245063782,-0.16680321097373962
-0.0025542043149471283,0.5791728496551514,-0.14744821190834045
-0.0035530216991901398,0.5910320281982422,-0.1276276707649231
-0.004186425358057022,0.6017879247665405,-0.10745473206043243
-0.004449464380741119,0.6114252209663391,-0.08704563975334167
-0.004342123866081238,0.6199411153793335,-0.06651829183101654
-0.0038692262023687363,0.6273458003997803,-0.04599033296108246
-0.003040064126253128,0.6336612701416016,-0.025578022003173828
-0.0018681026995182037,0.638921320438385,-0.005394339561462402
-0.0003704167902469635,0.6431708335876465,0.0144520103931427
0.0014327988028526306,0.6464645862579346,0.0338577926158905
0.003518853336572647,0.6488661170005798,0.052726298570632935
0.005863219499588013,0.6504469513893127,0.07096786797046661
0.00844014436006546,0.65128493309021,0.08850081264972687
0.011223305016756058,0.6514629125595093,0.10525147616863251
0.014186445623636246,0.6510675549507141,0.12115426361560822
0.01730388030409813,0.650187611579895,0.13615189492702484
0.020551059395074844,0.6489126682281494,0.15019486844539642
0.02390490658581257,0.6473320722579956,0.16324132680892944
0.027344252914190292,0.6455329656600952,0.1752561330795288
0.030850037932395935,0.6435997486114502,0.18621060252189636
0.034405454993247986,0.6416124105453491,0.19608169794082642
0.03799603879451752,0.6396456360816956,0.2048511654138565
0.04160962998867035,0.6377682089805603,0.21250474452972412
0.0452362596988678,0.636041522026062,0.2190317064523697
0.048867955803871155,0.634519100189209,0.2244238704442978
0.05249851569533348,0.6332463622093201,0.22867518663406372
0.056123144924640656,0.6322593688964844,0.2317807674407959
0.05973813682794571,0.6315847635269165,0.2337373048067093
0.06334047764539719,0.6312397718429565,0.2345418483018875
0.0669274628162384,0.6312313079833984,0.23419232666492462
0.07049627602100372,0.631556510925293,0.2326870560646057
0.07404360920190811,0.6322022676467896,0.23002511262893677
0.07756534963846207,0.6331460475921631,0.2262067049741745
0.08105622231960297,0.6343553066253662,0.22123321890830994
0.08450955897569656,0.6357885003089905,0.21510781347751617
0.08791708201169968,0.6373956203460693,0.20783613622188568
0.09126875549554825,0.6391181349754333,0.19942647218704224
0.09455275535583496,0.6408907175064087,0.1898910254240036
0.09775543212890625,0.6426414251327515,0.17924615740776062
0.10086137056350708,0.6442928314208984,0.16751299798488617
0.1038535088300705,0.6457628011703491,0.15471847355365753
0.10671333968639374,0.6469663381576538,0.14089545607566833
0.10942107439041138,0.6478158235549927,0.12608349323272705
0.11195600032806396,0.6482226848602295,0.11032919585704803
0.11429667472839355,0.648098886013031,0.09368635714054108
0.1164214238524437,0.6473575234413147,0.07621665298938751
0.11830859631299973,0.6459145545959473,0.05798909068107605
0.11993702501058578,0.643689751625061,0.03908059000968933
0.12128651142120361,0.6406084895133972,0.019575417041778564
0.1223381981253624,0.636601984500885,-0.0004349350929260254
0.12307514250278473,0.631609320640564,-0.020852327346801758
0.12348279356956482,0.6255781650543213,-0.04157246649265289
0.12354937195777893,0.6184656023979187,-0.062485694885253906
0.12326645851135254,0.6102395057678223,-0.08347800374031067
0.12262936681509018,0.6008791327476501,-0.10443209111690521
0.12163751572370529,0.5903753042221069,-0.12522850930690765
0.12029479444026947,0.5787320137023926,-0.14574721455574036
0.11860974878072739,0.5659657120704651,-0.16586896777153015
0.11659572273492813,0.5521059036254883,-0.18547675013542175
0.1142708957195282,0.5371950268745422,-0.20445773005485535
0.11165818572044373,0.5212883353233337,-0.22270464897155762
0.1112445518374443,0.5198723673820496,-0.22423726320266724
0.11093145608901978,0.5198611617088318,-0.2242443859577179
0.11049284040927887,0.5198454260826111,-0.22425425052642822
0.10992854833602905,0.5198253393173218,-0.22426676750183105
0.10923874378204346,0.5198009610176086,-0.22428184747695923
0.10842399299144745,0.519772469997406,-0.22429931163787842
0.10748524963855743,0.5197399258613586,-0.2243189513683319
0.10642379522323608,0.5197035074234009,-0.22434058785438538
0.10524138808250427,0.5196636319160461,-0.2243640124797821
0.10394012928009033,0.5196203589439392,-0.22438889741897583
0.10252253711223602,0.5195739269256592,-0.22441503405570984
0.10099151730537415,0.5195246338844299,-0.22444215416908264
0.09935037046670914,0.5194728970527649,-0.22446992993354797
0.09760274738073349,0.5194188952445984,-0.22449812293052673
0.09575267136096954,0.5193629860877991,-0.22452643513679504
0.09380452334880829,0.5193055272102356,-0.22455459833145142
0.09176301211118698,0.5192467570304871,-0.22458240389823914
0.08963317424058914,0.5191869139671326,-0.2246095836162567
0.08742037415504456,0.5191265344619751,-0.22463595867156982
0.08513025939464569,0.519065797328949,-0.22466132044792175
0.08276879787445068,0.5190050601959229,-0.22468551993370056
0.08034220337867737,0.5189444422721863,-0.2247084379196167
0.07785700261592865,0.5188842415809631,-0.22472995519638062
0.07531993091106415,0.5188246965408325,-0.22475001215934753
0.07273802161216736,0.5187661051750183,-0.2247685194015503
0.0701185017824173,0.5187085270881653,-0.22478550672531128
0.0674687922000885,0.5186522006988525,-0.2248009741306305
0.0647965595126152,0.5185971260070801,-0.22481492161750793
0.062109559774398804,0.5185436606407166,-0.224827378988266
0.05941571667790413,0.5184916257858276,-0.2248384952545166
0.056723009794950485,0.5184413194656372,-0.22484824061393738
0.05403945595026016,0.5183926224708557,-0.22485676407814026
0.05137305706739426,0.5183455944061279,-0.22486412525177002
0.04873169586062431,0.5183002948760986,-0.224870502948761
0.046123117208480835,0.5182567834854126,-0.22487586736679077
0.04355483874678612,0.518215000629425,-0.2248804271221161
0.04103405028581619,0.5181748270988464,-0.2248842418193817
0.03856759890913963,0.5181363821029663,-0.2248874306678772
0.036161862313747406,0.5180996060371399,-0.22489002346992493
0.03382274881005287,0.5180644989013672,-0.22489213943481445
0.03155561909079552,0.5180308818817139,-0.22489386796951294
0.029365267604589462,0.5179988145828247,-0.22489523887634277
0.027255933731794357,0.5179682970046997,-0.22489634156227112
0.025231298059225082,0.5179392099380493,-0.22489723563194275
0.02329447865486145,0.5179116725921631,-0.22489789128303528
0.02144813910126686,0.5178855657577515,-0.22489842772483826
0.019694488495588303,0.5178608298301697,-0.22489884495735168
0.01803535595536232,0.5178375244140625,-0.22489917278289795
0.01647230237722397,0.5178157091140747,-0.22489938139915466
0.015006642788648605,0.5177951455116272,-0.22489959001541138
0.01363953948020935,0.5177760124206543,-0.22489970922470093
0.01237209141254425,0.517758309841156,-0.22489982843399048
0.011205311864614487,0.5177419185638428,-0.22489988803863525
0.010140269994735718,0.5177270174026489,-0.22489994764328003
0.009178057312965393,0.5177134871482849,-0.22489997744560242
0.008319851011037827,0.5177013874053955,-0.2249000370502472
0.007566872984170914,0.5176907777786255,-0.2249000370502472
0.006920412182807922,0.5176816582679749,-0.2249000370502472
0.006381835788488388,0.5176740288734436,-0.22490006685256958
0.005952533334493637,0.5176680684089661,-0.22490009665489197
0.005633872002363205,0.5176634788513184,-0.22490009665489197
0.00542721152305603,0.5176604986190796,-0.22490009665489197
0.005333844572305679,0.5176591873168945,-0.22490009665489197
0.005354970693588257,0.5176594257354736,-0.22490009665489197
0.0039846524596214294,0.5270956754684448,-0.21505184471607208
0.001775737851858139,0.5426359176635742,-0.19746065139770508
-0.00012793391942977905,0.557234525680542,-0.17913325130939484
-0.0017039347440004349,0.5708326697349548,-0.16016671061515808
-0.0029343869537115097,0.5833827257156372,-0.14066511392593384
-0.0038061439990997314,0.5948489904403687,-0.12073832750320435
-0.004311017692089081,0.6052080392837524,-0.10050040483474731
-0.004445808008313179,0.6144489049911499,-0.08006799221038818
-0.0042122043669223785,0.6225734949111938,-0.059558555483818054
-0.003616590052843094,0.629595935344696,-0.0390891432762146
-0.002669721841812134,0.6355424523353577,-0.01877450942993164
-0.001386282965540886,0.6404504776000977,0.0012740790843963623
0.00021556206047534943,0.6443682312965393,0.020950019359588623
0.002114776521921158,0.6473536491394043,0.04015249013900757
0.0042880624532699585,0.6494725942611694,0.05878762900829315
0.006710521876811981,0.6507987976074219,0.07676875591278076
0.009356226772069931,0.6514115333557129,0.09401705861091614
0.012198934331536293,0.6513949632644653,0.11046180129051208
0.015212621539831161,0.6508359313011169,0.12604059278964996
0.01837203837931156,0.6498235464096069,0.14069883525371552
0.021653180941939354,0.6484469175338745,0.15438991785049438
0.025033695623278618,0.6467946767807007,0.1670742928981781
0.028493162244558334,0.6449525356292725,0.1787191927433014
0.03201332688331604,0.6430034041404724,0.1892978698015213
0.03557823598384857,0.6410253047943115,0.19878901541233063
0.03917423635721207,0.6390905976295471,0.2071758210659027
0.042789965867996216,0.6372655034065247,0.21444523334503174
0.046416155993938446,0.6356087923049927,0.220587357878685
0.05004548281431198,0.6341708898544312,0.22559481859207153
0.05367223545908928,0.6329942345619202,0.2294619232416153
0.05729202553629875,0.632111668586731,0.2321842461824417
0.06090141087770462,0.6315466165542603,0.2337585836648941
0.06449751555919647,0.6313129663467407,0.2341821938753128
0.06807760894298553,0.6314142942428589,0.23345302045345306
0.07163875550031662,0.6318445205688477,0.23156970739364624
0.0751773938536644,0.6325873732566833,0.22853155434131622
0.07868902385234833,0.6336171627044678,0.22433902323246002
0.08216794580221176,0.6348984837532043,0.2189939320087433
0.08560694754123688,0.6363871097564697,0.2125002145767212
0.08899714797735214,0.6380304098129272,0.2048642784357071
0.09232796728610992,0.6397677063941956,0.1960955560207367
0.09558693319559097,0.6415315866470337,0.1862073540687561
0.09875980019569397,0.6432483792304993,0.1752176284790039
0.10183057934045792,0.644839346408844,0.16314925253391266
0.10478173941373825,0.6462215185165405,0.15003086626529694
0.10759428143501282,0.6473090648651123,0.1358974426984787
0.1102481335401535,0.6480143070220947,0.12079079449176788
0.11272227019071579,0.6482489109039307,0.10475964844226837
0.11499519646167755,0.6479251384735107,0.0878603458404541
0.11704518646001816,0.6469571590423584,0.07015684247016907
0.11885073035955429,0.6452624201774597,0.05172063410282135
0.12039095163345337,0.6427624225616455,0.032630860805511475
0.12164607644081116,0.639384388923645,0.012974143028259277
0.12259790301322937,0.6350623965263367,-0.007156014442443848
0.12323018908500671,0.6297382116317749,-0.027659475803375244
0.12352931499481201,0.62336266040802,-0.048430293798446655
0.12348460406064987,0.6158963441848755,-0.06935754418373108
0.1230887919664383,0.6073108315467834,-0.09032616019248962
0.12233859300613403,0.5975891947746277,-0.11121836304664612
0.12123483419418335,0.5867266058921814,-0.13191454112529755
0.11978291720151901,0.5747307538986206,-0.15229497849941254
0.11799293756484985,0.5616225004196167,-0.17224130034446716
0.11587979644536972,0.5474357604980469,-0.19163794815540314
0.11346319317817688,0.5322166681289673,-0.21037405729293823
0.11138363182544708,0.5198774337768555,-0.22423410415649414
0.11115607619285583,0.5198692083358765,-0.2242392897605896
0.11080344766378403,0.5198565721511841,-0.2242472767829895
0.11032538115978241,0.5198394060134888,-0.22425797581672668
0.109721839427948,0.5198180079460144,-0.22427129745483398
0.10899312049150467,0.519792377948761,-0.22428712248802185
0.10813993215560913,0.5197626352310181,-0.22430527210235596
0.10716329514980316,0.5197288393974304,-0.22432559728622437
0.10606469213962555,0.5196913480758667,-0.2243478000164032
0.10484597086906433,0.519650399684906,-0.22437164187431335
0.10350936651229858,0.5196061730384827,-0.2243969440460205
0.10205752402544022,0.519558846950531,-0.22442340850830078
0.10049345344305038,0.5195087790489197,-0.2244507074356079
0.09882056713104248,0.5194563865661621,-0.22447863221168518
0.09704262018203735,0.5194017887115479,-0.22450685501098633
0.0951637476682663,0.5193454027175903,-0.22453510761260986
0.09318839013576508,0.5192875266075134,-0.22456318140029907
0.0911213755607605,0.5192285180091858,-0.22459077835083008
0.08896779268980026,0.5191686153411865,-0.22461771965026855
0.08673308789730072,0.5191081166267395,-0.2246437668800354
0.0844229906797409,0.5190473794937134,-0.22466877102851868
0.08204349875450134,0.518986701965332,-0.22469258308410645
0.07960092276334763,0.518926203250885,-0.22471505403518677
0.07710179686546326,0.5188663005828857,-0.22473609447479248
0.07455293089151382,0.518807053565979,-0.22475570440292358
0.07196138799190521,0.5187487602233887,-0.22477373480796814
0.06933441758155823,0.5186916589736938,-0.22479024529457092
0.06667950749397278,0.5186357498168945,-0.22480523586273193
0.06400429457426071,0.5185811519622803,-0.22481873631477356
0.061316583305597305,0.5185281038284302,-0.22483080625534058
0.058624267578125,0.5184767246246338,-0.22484147548675537
0.0559353269636631,0.518426775932312,-0.2248508632183075
0.05325775220990181,0.5183786749839783,-0.22485902905464172
0.050599489361047745,0.5183322429656982,-0.2248660922050476
0.047968387603759766,0.5182874798774719,-0.2248721420764923
0.04537210240960121,0.5182444453239441,-0.22487729787826538
0.04281805828213692,0.5182031989097595,-0.2248816192150116
0.04031334072351456,0.5181635618209839,-0.2248852252960205
0.037864670157432556,0.518125593662262,-0.22488820552825928
0.03547830507159233,0.5180892944335938,-0.22489067912101746
0.033160001039505005,0.5180545449256897,-0.22489267587661743
0.030914973467588425,0.5180214047431946,-0.22489428520202637
0.028747878968715668,0.5179898142814636,-0.22489559650421143
0.02666279301047325,0.517959713935852,-0.2248966097831726
0.024663276970386505,0.5179311633110046,-0.22489744424819946
0.02275232970714569,0.5179039835929871,-0.2248980700969696
0.020932503044605255,0.5178782939910889,-0.2248985469341278
0.019205905497074127,0.5178540349006653,-0.22489893436431885
0.01757432520389557,0.5178311467170715,-0.22489923238754272
0.016039233654737473,0.5178096294403076,-0.22489944100379944
0.014601904898881912,0.5177894830703735,-0.22489961981773376
0.013263460248708725,0.5177707672119141,-0.22489973902702332
0.012024939060211182,0.5177534222602844,-0.22489982843399048
0.010887391865253448,0.5177374482154846,-0.22489991784095764
0.009851820766925812,0.5177229642868042,-0.22489994764328003
0.008919302374124527,0.5177098512649536,-0.22489997744560242
0.00809098407626152,0.5176981687545776,-0.2249000370502472
0.007368084043264389,0.517687976360321,-0.2249000370502472
0.006751835346221924,0.5176793336868286,-0.22490006685256958
0.006243579089641571,0.517672061920166,-0.22490006685256958
0.005844637751579285,0.5176665186882019,-0.22490009665489197
0.005556359887123108,0.5176622867584229,-0.22490009665489197
0.005380038172006607,0.5176598429679871,-0.22490009665489197
0.0053169094026088715,0.5176590085029602,-0.22490009665489197
0.005368083715438843,0.5176596641540527,-0.22490009665489197
0.003406289964914322,0.5309973359107971,-0.21080303192138672
0.0012771468609571457,0.546270489692688,-0.1930733323097229
-0.0005423575639724731,0.5605926513671875,-0.1746337115764618
-0.002031046897172928,0.5739079117774963,-0.15558215975761414
-0.0031722690910100937,0.5861716866493225,-0.13602331280708313
-0.003954119980335236,0.5973511934280396,-0.1160673052072525
-0.004369618371129036,0.6074261665344238,-0.09582793712615967
-0.004416728392243385,0.6163884997367859,-0.0754213035106659
-0.004098180681467056,0.6242426633834839,-0.05496397614479065
-0.0034212935715913773,0.6310054063796997,-0.03457164764404297
-0.0023976508527994156,0.6367051601409912,-0.014357715845108032
-0.0010426081717014313,0.6413814425468445,0.005568355321884155
0.0006251353770494461,0.6450842022895813,0.025101900100708008
0.0025842059403657913,0.6478725671768188,0.04414421319961548
0.004811078310012817,0.6498138308525085,0.06260336935520172
0.007280787453055382,0.6509822010993958,0.08039496839046478
0.009967494755983353,0.6514575481414795,0.09744226932525635
0.012845143675804138,0.6513239145278931,0.11367666721343994
0.015888027846813202,0.6506683826446533,0.12903770804405212
0.01907127909362316,0.6495792269706726,0.1434725821018219
0.022371383383870125,0.6481451988220215,0.156936377286911
0.025766493752598763,0.6464536190032959,0.16939103603363037
0.029236726462841034,0.6445893049240112,0.18080514669418335
0.03276439011096954,0.6426339149475098,0.19115310907363892
0.036334071308374405,0.6406636834144592,0.2004144936800003
0.03993263095617294,0.6387498378753662,0.20857322216033936
0.04354916512966156,0.6369564533233643,0.21561697125434875
0.04717482998967171,0.635340690612793,0.22153612971305847
0.05080263316631317,0.6339514851570129,0.22632364928722382
0.0544271320104599,0.6328288316726685,0.22997407615184784
0.058044128119945526,0.6320040822029114,0.2324831783771515
0.061650268733501434,0.6314988136291504,0.23384764790534973
0.0652426928281784,0.6313247680664062,0.23406505584716797
0.0688186064362526,0.6314840316772461,0.2331332266330719
0.07237492501735687,0.6319687366485596,0.23105096817016602
0.0759078860282898,0.6327610611915588,0.22781775891780853
0.07941274344921112,0.633833646774292,0.22343410551548004
0.08288346230983734,0.6351498365402222,0.21790233254432678
0.08631253242492676,0.6366642713546753,0.2112266719341278
0.08969074487686157,0.6383228302001953,0.2034139782190323
0.09300713241100311,0.6400642395019531,0.19447438418865204
0.09624917805194855,0.6418229341506958,0.1844082623720169
0.0994022786617279,0.6435233950614929,0.17323487997055054
0.10245013236999512,0.6450854539871216,0.16097891330718994
0.10537487268447876,0.6464247107505798,0.1476709246635437
0.10815729200839996,0.6474542617797852,0.133347749710083
0.11077704280614853,0.6480852365493774,0.11805306375026703
0.11321298778057098,0.6482287645339966,0.10183778405189514
0.11544347554445267,0.647796630859375,0.08476032316684723
0.11744676530361176,0.6467028856277466,0.06688669323921204
0.11920134723186493,0.6448650360107422,0.048290520906448364
0.12068644165992737,0.642204999923706,0.029053032398223877
0.12188246846199036,0.6386507153511047,0.009262830018997192
0.12277146428823471,0.6341371536254883,-0.010984659194946289
0.12333758175373077,0.6286073923110962,-0.03158754110336304
0.12356758862733841,0.6220136284828186,-0.052438169717788696
0.12345138192176819,0.6143183708190918,-0.07342410087585449
0.12298238277435303,0.6054951548576355,-0.09442898631095886
0.1221579983830452,0.5955291390419006,-0.11533385515213013
0.12097989022731781,0.5844178199768066,-0.13601839542388916
0.11945434659719467,0.5721718072891235,-0.1563623547554016
0.11759240925312042,0.5588141679763794,-0.1762470155954361
0.11540999263525009,0.5443816781044006,-0.1955571323633194
0.11292780190706253,0.5289233922958374,-0.21418213844299316
0.11134986579418182,0.51987624168396,-0.22423487901687622
0.11109567433595657,0.5198670029640198,-0.22424066066741943
0.11071603000164032,0.519853413105011,-0.2242492437362671
0.11021056771278381,0.5198354721069336,-0.22426053881645203
0.10957933217287064,0.5198130011558533,-0.2242744266986847
0.10882264375686646,0.5197863578796387,-0.22429078817367554
0.10794129967689514,0.5197556614875793,-0.22430947422981262
0.10693640261888504,0.5197211503982544,-0.22433021664619446
0.10580947995185852,0.519682765007019,-0.22435283660888672
0.10456250607967377,0.5196408629417419,-0.2243770956993103
0.10319779813289642,0.5195959210395813,-0.22440269589424133
0.10171806812286377,0.5195479393005371,-0.2244294285774231
0.10012645274400711,0.5194972157478333,-0.22445693612098694
0.0984264686703682,0.5194441080093384,-0.22448500990867615
0.09662195295095444,0.5193890333175659,-0.22451332211494446
0.09471714496612549,0.519332230091095,-0.22454160451889038
0.09271663427352905,0.5192738771438599,-0.22456961870193481
0.09062531590461731,0.5192145705223083,-0.22459715604782104
0.0884484201669693,0.5191543698310852,-0.22462394833564758
0.08619148284196854,0.5190937519073486,-0.2246498167514801
0.0838603526353836,0.519032895565033,-0.22467458248138428
0.08146114647388458,0.5189721584320068,-0.22469809651374817
0.07900027930736542,0.518911600112915,-0.22472026944160461
0.07648439705371857,0.5188518166542053,-0.22474104166030884
0.07392045110464096,0.5187926888465881,-0.2247602641582489
0.07131557166576385,0.5187346339225769,-0.2247779369354248
0.06867712736129761,0.5186776518821716,-0.22479411959648132
0.06601271033287048,0.5186219811439514,-0.22480875253677368
0.06333004683256149,0.5185677409172058,-0.22482189536094666
0.06063701957464218,0.5185149908065796,-0.2248336374759674
0.057941585779190063,0.5184639096260071,-0.22484397888183594
0.05525178462266922,0.5184144973754883,-0.22485306859016418
0.05257563292980194,0.5183666348457336,-0.22486093640327454
0.049921080470085144,0.518320620059967,-0.22486773133277893
0.04729596897959709,0.5182761549949646,-0.22487354278564453
0.04470791295170784,0.5182336568832397,-0.2248784601688385
0.042164262384176254,0.518192708492279,-0.2248826026916504
0.03967202082276344,0.5181534886360168,-0.22488605976104736
0.03723779320716858,0.5181159973144531,-0.22488892078399658
0.03486768528819084,0.5180800557136536,-0.22489124536514282
0.032567285001277924,0.5180456638336182,-0.22489312291145325
0.030341655015945435,0.5180130004882812,-0.2248946726322174
0.028195269405841827,0.5179818868637085,-0.2248958945274353
0.02613203600049019,0.5179521441459656,-0.2248968482017517
0.024155307561159134,0.5179239511489868,-0.2248976230621338
0.022267937660217285,0.5178971290588379,-0.22489821910858154
0.020472321659326553,0.5178717374801636,-0.22489866614341736
0.01877044513821602,0.5178478956222534,-0.224899023771286
0.017163988202810287,0.5178253650665283,-0.2248992919921875
0.015654325485229492,0.5178042650222778,-0.2248995006084442
0.014242727309465408,0.5177844762802124,-0.22489964962005615
0.012930277734994888,0.5177660584449768,-0.2248997688293457
0.011718034744262695,0.5177491307258606,-0.22489985823631287
0.01060708612203598,0.5177335143089294,-0.22489994764328003
0.009598474949598312,0.5177193880081177,-0.22489997744560242
0.00869336724281311,0.5177066326141357,-0.2249000072479248
0.007892962545156479,0.5176953673362732,-0.2249000370502472
0.007198560982942581,0.5176856517791748,-0.2249000370502472
0.006611496210098267,0.5176773071289062,-0.22490006685256958
0.0061331577599048615,0.5176705121994019,-0.22490006685256958
0.0057649388909339905,0.5176653861999512,-0.22490009665489197
0.005508258938789368,0.5176616907119751,-0.22490009665489197
0.005364410579204559,0.5176596641540527,-0.22490009665489197
0.005334671586751938,0.5176591873168945,-0.22490009665489197
0.005045004189014435,0.5200058221817017,-0.22250625491142273
0.002708062529563904,0.5359514355659485,-0.205250084400177
0.0006656572222709656,0.5509830117225647,-0.18721653521060944
-0.001057889312505722,0.5650367736816406,-0.16849905252456665
-0.0024425946176052094,0.5780599117279053,-0.14919914305210114
-0.003473203629255295,0.590011477470398,-0.12942460179328918
-0.004139306023716927,0.600862443447113,-0.10928815603256226
-0.004435516893863678,0.6105964779853821,-0.08890582621097565
-0.004361409693956375,0.6192098259925842,-0.06839519739151001
-0.003921402618288994,0.6267113089561462,-0.047874003648757935
-0.0031243953853845596,0.6331222057342529,-0.02745842933654785
-0.00198349729180336,0.6384750604629517,-0.007261842489242554
-0.0005154572427272797,0.6428139209747314,0.012606889009475708
0.0012597814202308655,0.6461926102638245,0.032044053077697754
0.003319762647151947,0.6486740112304688,0.05095234513282776
0.005640123039484024,0.6503287553787231,0.06924182176589966
0.008195223286747932,0.6512341499328613,0.08682999014854431
0.010958818718791008,0.6514726281166077,0.1036425530910492
0.013904644176363945,0.6511303782463074,0.1196133941411972
0.01700698211789131,0.6502959728240967,0.1346844583749771
0.020241184160113335,0.6490587592124939,0.14880576729774475
0.023584092035889626,0.6475080251693726,0.16193455457687378
0.027014359831809998,0.6457310914993286,0.17403544485569
0.030512766912579536,0.6438126564025879,0.18507914245128632
0.03406231850385666,0.641832709312439,0.19504208862781525
0.03764836862683296,0.6398665904998779,0.20390565693378448
0.041258554905653,0.6379834413528442,0.21165524423122406
0.04488275200128555,0.6362452507019043,0.21827992796897888
0.04851280525326729,0.6347063779830933,0.22377118468284607
0.05214237794280052,0.6334124803543091,0.22812287509441376
0.05576656013727188,0.6324009895324707,0.23132996261119843
0.05938156694173813,0.6316989660263062,0.2333889901638031
0.06298433989286423,0.6313244104385376,0.23429694771766663
0.0665721520781517,0.631285548210144,0.2340516299009323
0.07014220207929611,0.631580114364624,0.23265141248703003
0.07369126379489899,0.6321960687637329,0.23009520769119263
0.0772152915596962,0.6331116557121277,0.22638309001922607
0.08070912957191467,0.6342954635620117,0.22151629626750946
0.08416624367237091,0.6357066631317139,0.21549776196479797
0.08757847547531128,0.6372959017753601,0.20833277702331543
0.09093599021434784,0.6390058994293213,0.20002949237823486
0.09422707557678223,0.6407716274261475,0.19059954583644867
0.0974382758140564,0.6425219774246216,0.18005897104740143
0.10055430233478546,0.6441798210144043,0.16842836141586304
0.10355822741985321,0.6456637382507324,0.15573394298553467
0.10643163323402405,0.6468889713287354,0.14200817048549652
0.1091548502445221,0.6477680802345276,0.1272897869348526
0.11170721054077148,0.648212730884552,0.11162470281124115
0.11406729370355606,0.648134708404541,0.09506617486476898
0.11621343344449997,0.6474469900131226,0.0776749700307846
0.11812391877174377,0.6460654139518738,0.059519559144973755
0.11977753043174744,0.6439093351364136,0.040675967931747437
0.12115393579006195,0.6409035325050354,0.021227896213531494
0.12223413586616516,0.6369787454605103,0.0012662112712860107
0.12300101667642593,0.6320734024047852,-0.019111543893814087
0.1234397292137146,0.6261342763900757,-0.03980153799057007
0.12353828549385071,0.619117796421051,-0.060694605112075806
0.12328794598579407,0.6109907031059265,-0.0816771388053894
0.12268365919589996,0.6017311811447144,-0.10263197124004364
0.12172451615333557,0.5913293361663818,-0.12343987822532654
0.12041398137807846,0.5797877311706543,-0.14398083090782166
0.11876019835472107,0.5671218633651733,-0.1641354262828827
0.11677610129117966,0.5533599257469177,-0.18378646671772003
0.11447945237159729,0.5385435819625854,-0.20282074809074402
0.11189275979995728,0.5227267742156982,-0.22113046050071716
0.11126045882701874,0.5198729038238525,-0.22423690557479858
0.11095897853374481,0.5198620557785034,-0.22424376010894775
0.1105320155620575,0.5198467969894409,-0.2242533564567566
0.10997936874628067,0.519827127456665,-0.2242656648159027
0.10930120944976807,0.5198032259941101,-0.2242804765701294
0.10849806666374207,0.5197750329971313,-0.22429773211479187
0.1075708419084549,0.5197428464889526,-0.22431719303131104
0.10652083158493042,0.5197069048881531,-0.22433865070343018
0.10534971952438354,0.5196673274040222,-0.2243618667125702
0.1040596216917038,0.5196242928504944,-0.22438663244247437
0.10265300422906876,0.5195781588554382,-0.22441264986991882
0.10113275051116943,0.5195291638374329,-0.22443968057632446
0.09950210154056549,0.5194776058197021,-0.22446739673614502
0.09776473045349121,0.5194238424301147,-0.2244955599308014
0.09592457860708237,0.5193681120872498,-0.22452384233474731
0.09398601949214935,0.5193107724189758,-0.22455203533172607
0.09195372462272644,0.5192520618438721,-0.22457987070083618
0.08983270823955536,0.5191924571990967,-0.22460711002349854
0.08762829005718231,0.519132137298584,-0.22463354468345642
0.08534608781337738,0.5190714001655579,-0.2246589958667755
0.08299203962087631,0.519010603427887,-0.22468331456184387
0.08057232201099396,0.5189500451087952,-0.22470632195472717
0.07809343189001083,0.518889844417572,-0.22472795844078064
0.07556206732988358,0.5188302993774414,-0.2247481644153595
0.0729852169752121,0.5187716484069824,-0.2247668206691742
0.07037009298801422,0.5187139511108398,-0.22478395700454712
0.0677240788936615,0.5186575651168823,-0.22479954361915588
0.06505479663610458,0.5186024308204651,-0.22481364011764526
0.06236998736858368,0.5185487270355225,-0.22482624650001526
0.05967754125595093,0.5184966325759888,-0.22483745217323303
0.05698543041944504,0.518446147441864,-0.22484734654426575
0.054301634430885315,0.5183972716331482,-0.22485598921775818
0.05163415148854256,0.5183501839637756,-0.2248634696006775
0.04899086803197861,0.518304705619812,-0.22486990690231323
0.04637954384088516,0.5182610750198364,-0.22487539052963257
0.04380768537521362,0.5182190537452698,-0.22488000988960266
0.0412825345993042,0.5181788206100464,-0.22488388419151306
0.03881094977259636,0.5181401968002319,-0.22488713264465332
0.03639936074614525,0.5181031823158264,-0.22488978505134583
0.03405372425913811,0.5180678963661194,-0.22489196062088013
0.031779464334249496,0.5180341005325317,-0.224893718957901
0.02958144247531891,0.5180019736289978,-0.22489511966705322
0.02746395766735077,0.5179712772369385,-0.22489625215530396
0.025430746376514435,0.5179421305656433,-0.22489714622497559
0.023485004901885986,0.5179144144058228,-0.2248978316783905
0.021629460155963898,0.517888069152832,-0.22489839792251587
0.019866369664669037,0.5178632736206055,-0.2248988151550293
0.018197625875473022,0.5178398489952087,-0.22489911317825317
0.016624815762043,0.5178178548812866,-0.22489938139915466
0.015149299055337906,0.5177971124649048,-0.224899560213089
0.013772260397672653,0.5177778601646423,-0.22489970922470093
0.012494809925556183,0.5177600383758545,-0.2248997986316681
0.01131800189614296,0.5177435278892517,-0.22489988803863525
0.010242871940135956,0.5177284479141235,-0.22489994764328003
0.009270567446947098,0.5177147388458252,-0.22489997744560242
0.008402206003665924,0.5177025198936462,-0.2249000072479248
0.007639035582542419,0.5176918506622314,-0.2249000370502472
0.006982337683439255,0.5176825523376465,-0.2249000370502472
0.006433479487895966,0.5176748037338257,-0.22490006685256958
0.005993805825710297,0.5176685452461243,-0.22490006685256958
0.005664736032485962,0.5176638960838318,-0.22490009665489197
0.005447592586278915,0.5176608562469482,-0.22490009665489197
0.005343690514564514,0.5176593661308289,-0.22490009665489197
0.005354207009077072,0.5176594853401184,-0.22490009665489197
0.004196729511022568,0.5256946086883545,-0.21655181050300598
0.001962680369615555,0.5413100123405457,-0.19903406500816345
3.16128134727478e-05,0.5559897422790527,-0.18077266216278076
-0.001573704183101654,0.5696741342544556,-0.16186383366584778
-0.0028349757194519043,0.5823146104812622,-0.14241114258766174
-0.003738660365343094,0.5938745141029358,-0.1225239634513855
-0.004276154562830925,0.6043291687965393,-0.10231596231460571
-0.004443811252713203,0.6136667728424072,-0.08190356194972992
-0.004242906346917152,0.6218879818916321,-0.06140424311161041
-0.003679448738694191,0.629006028175354,-0.04093495011329651
-0.0027637965977191925,0.6350458860397339,-0.020610690116882324
-0.0015103183686733246,0.6400443315505981,-0.0005429983139038086
6.31231814622879e-05,0.6440485715866089,0.019161134958267212
0.0019357316195964813,0.6471154689788818,0.03840053081512451
0.004084410145878792,0.6493103504180908,0.05708058178424835
0.0064843688160181046,0.6507063508033752,0.07511420547962189
0.009109798818826675,0.6513822078704834,0.09242182970046997
0.011934464797377586,0.6514215469360352,0.10893219709396362
0.014932343736290932,0.6509110331535339,0.12458214163780212
0.018078109249472618,0.6499395370483398,0.13931646943092346
0.021347668021917343,0.6485961675643921,0.15308788418769836
0.02471853233873844,0.6469694375991821,0.16585634648799896
0.02817009948194027,0.6451452970504761,0.17758846282958984
0.03168395906686783,0.6432070136070251,0.18825706839561462
0.03524395823478699,0.6412327289581299,0.19784031808376312
0.038836270570755005,0.6392955183982849,0.206321120262146
0.04244932532310486,0.6374620795249939,0.21368613839149475
0.04607369750738144,0.635791540145874,0.21992523968219757
0.04970189929008484,0.6343353986740112,0.22503063082695007
0.053328096866607666,0.6331364512443542,0.22899669408798218
0.056947797536849976,0.6322283744812012,0.2318188101053238
0.06055749952793121,0.6316357254981995,0.23349373042583466
0.06415428221225739,0.6313729286193848,0.23401856422424316
0.06773541867733002,0.6314445734024048,0.2333914041519165
0.07129800319671631,0.6318453550338745,0.2316105216741562
0.0748385563492775,0.632560133934021,0.22867532074451447
0.0783526673913002,0.6335638165473938,0.22458598017692566
0.08183473348617554,0.6348220705986023,0.219344362616539
0.08527769148349762,0.63629150390625,0.2129540592432022
0.08867283165454865,0.6379199028015137,0.2054210901260376
0.09200967848300934,0.6396477818489075,0.19675463438034058
0.09527595341205597,0.6414080262184143,0.18696770071983337
0.09845754504203796,0.6431277990341187,0.17607781291007996
0.10153863579034805,0.6447285413742065,0.16410718858242035
0.10450176149606705,0.6461279392242432,0.15108396112918854
0.10732807219028473,0.6472402811050415,0.13704262673854828
0.10999752581119537,0.6479780673980713,0.1220240592956543
0.11248919367790222,0.6482529640197754,0.10607653856277466
0.11478156596422195,0.6479772329330444,0.08925573527812958
0.11685290932655334,0.6470649242401123,0.07162478566169739
0.1186816543340683,0.6454329490661621,0.053254544734954834
0.12024684995412827,0.6430026292800903,0.034223586320877075
0.12152861803770065,0.6397006511688232,0.01461780071258545
0.12250854074954987,0.635460376739502,-0.005469858646392822
0.12317021191120148,0.6302229166030884,-0.02593979239463806
0.12349975854158401,0.623938262462616,-0.04668658971786499
0.1234862208366394,0.6165662407875061,-0.06759965419769287
0.12312203645706177,0.6080774068832397,-0.08856421709060669
0.12240354716777802,0.59845370054245,-0.1094626635313034
0.12133124470710754,0.5876895189285278,-0.13017550110816956
0.1199101135134697,0.5757913589477539,-0.15058296918869019
0.11814984679222107,0.5627790093421936,-0.17056655883789062
0.11606495827436447,0.5486849546432495,-0.19001032412052155
0.11367475241422653,0.5335547924041748,-0.20880305767059326
0.11139203608036041,0.5198777318000793,-0.22423389554023743
0.11117566376924515,0.5198699235916138,-0.22423884272575378
0.11083424836397171,0.51985764503479,-0.2242465615272522
0.11036741733551025,0.5198409557342529,-0.22425705194473267
0.10977506637573242,0.5198199152946472,-0.22427013516426086
0.10905752331018448,0.5197945833206177,-0.22428575158119202
0.10821542143821716,0.5197651982307434,-0.2243036925792694
0.10724978893995285,0.5197318196296692,-0.2243238091468811
0.10616208612918854,0.5196946263313293,-0.2243458330631256
0.10495409369468689,0.5196540355682373,-0.22436955571174622
0.10362805426120758,0.5196099877357483,-0.22439473867416382
0.10218657553195953,0.5195630192756653,-0.22442108392715454
0.10063263028860092,0.5195132493972778,-0.2244483232498169
0.09896960854530334,0.5194609761238098,-0.2244761884212494
0.09720122814178467,0.5194066762924194,-0.22450438141822815
0.0953315943479538,0.5193503499031067,-0.22453266382217407
0.0933651328086853,0.5192925930023193,-0.22456073760986328
0.09130662679672241,0.5192337036132812,-0.22458839416503906
0.08916114270687103,0.5191739201545715,-0.22461536526679993
0.08693409711122513,0.5191134810447693,-0.22464150190353394
0.08463118970394135,0.5190528035163879,-0.22466659545898438
0.08225839585065842,0.5189921259880066,-0.2246904969215393
0.07982197403907776,0.5189316272735596,-0.22471308708190918
0.07732845842838287,0.5188716650009155,-0.22473427653312683
0.07478461414575577,0.5188124179840088,-0.2247539758682251
0.07219746708869934,0.5187540650367737,-0.2247721552848816
0.0695742592215538,0.5186967849731445,-0.2247888147830963
0.06692242622375488,0.5186407566070557,-0.22480395436286926
0.06424959003925323,0.5185861587524414,-0.22481757402420044
0.06156352907419205,0.518532931804657,-0.224829763174057
0.058872122317552567,0.5184813737869263,-0.22484055161476135
0.056183334439992905,0.5184313654899597,-0.22485005855560303
0.05350513756275177,0.5183830857276917,-0.22485831379890442
0.050845466554164886,0.5183364748954773,-0.22486549615859985
0.04821218177676201,0.5182916522026062,-0.22487163543701172
0.04561294987797737,0.518248438835144,-0.22487685084342957
0.043055202811956406,0.5182070136070251,-0.22488123178482056
0.040546074509620667,0.5181671977043152,-0.22488492727279663
0.038092296570539474,0.5181290507316589,-0.22488796710968018
0.035700179636478424,0.518092691898346,-0.22489047050476074
0.03337552025914192,0.5180578231811523,-0.2248925268650055
0.03112359344959259,0.5180244445800781,-0.22489416599273682
0.02894912287592888,0.5179927349090576,-0.22489547729492188
0.026856251060962677,0.5179625153541565,-0.22489655017852783
0.024848561733961105,0.5179337859153748,-0.2248973548412323
0.022929146885871887,0.5179065465927124,-0.22489801049232483
0.021100584417581558,0.5178806781768799,-0.22489851713180542
0.019365057349205017,0.517856240272522,-0.22489890456199646
0.017724361270666122,0.5178331732749939,-0.22489920258522034
0.01618003472685814,0.51781165599823,-0.22489944100379944
0.014733392745256424,0.5177913308143616,-0.22489959001541138
0.013385593891143799,0.5177724361419678,-0.22489973902702332
