0.5974084138870239,0.26404309272766113,0.16032974421977997
0.5999336242675781,0.26351794600486755,0.15580739080905914
0.6024655103683472,0.26304876804351807,0.150259867310524
0.6049627065658569,0.26261603832244873,0.1437048465013504
0.6073804497718811,0.2621976137161255,0.13616375625133514
0.6096704602241516,0.26176917552948,0.1276610940694809
0.6117821931838989,0.26130491495132446,0.11822469532489777
0.613662838935852,0.26077768206596375,0.10788477957248688
0.6152576208114624,0.26016002893447876,0.09667392075061798
0.616510272026062,0.2594238817691803,0.08462688326835632
0.6173627376556396,0.25854137539863586,0.07178086042404175
0.6177557706832886,0.2574850022792816,0.05817559361457825
0.617628812789917,0.25622791051864624,0.04385378956794739
0.616920530796051,0.25474387407302856,0.028861910104751587
0.6155692338943481,0.2530078589916229,0.013250768184661865
0.6135132312774658,0.2509959936141968,-0.0029235482215881348
0.6106922030448914,0.24868576228618622,-0.019599050283432007
0.6070479154586792,0.2460564523935318,-0.036707162857055664
0.6025254726409912,0.24308916926383972,-0.05417203903198242
0.597074568271637,0.23976728320121765,-0.07191053032875061
0.5906516313552856,0.23607663810253143,-0.08983218669891357
0.5832204818725586,0.23200589418411255,-0.10783934593200684
0.5747543573379517,0.2275468111038208,-0.1258281171321869
0.565237283706665,0.22269460558891296,-0.1436890959739685
0.5546649694442749,0.21744833886623383,-0.16130903363227844
0.5430462956428528,0.2118109166622162,-0.1785721778869629
0.530403733253479,0.20578953623771667,-0.19536232948303223
0.5167735815048218,0.1993955671787262,-0.21156464517116547
0.5050435066223145,0.1939581036567688,-0.22417232394218445
0.5049158930778503,0.19396275281906128,-0.22416391968727112
0.5046434998512268,0.19397255778312683,-0.22414585947990417
0.504225492477417,0.19398774206638336,-0.2241176962852478
0.5036618113517761,0.19400829076766968,-0.22407889366149902
0.5029536485671997,0.19403429329395294,-0.22402885556221008
0.5021028518676758,0.19406579434871674,-0.22396674752235413
0.5011124014854431,0.19410276412963867,-0.22389176487922668
0.4999859631061554,0.1941453069448471,-0.22380298376083374
0.4987280070781708,0.19419336318969727,-0.2236994206905365
0.4973439574241638,0.1942470222711563,-0.22358006238937378
0.49583953619003296,0.1943061649799347,-0.22344395518302917
0.49422138929367065,0.19437085092067719,-0.2232901155948639
0.4924966096878052,0.1944410800933838,-0.2231176495552063
0.49067261815071106,0.1945166289806366,-0.22292575240135193
0.4887576401233673,0.19459764659404755,-0.22271373867988586
0.4867597222328186,0.19468387961387634,-0.22248107194900513
0.4846876561641693,0.1947753131389618,-0.2222273349761963
0.4825502038002014,0.19487181305885315,-0.22195234894752502
0.4803564250469208,0.19497326016426086,-0.2216561734676361
0.478115439414978,0.19507940113544464,-0.22133901715278625
0.47583669424057007,0.19519007205963135,-0.22100138664245605
0.4735293984413147,0.19530504941940308,-0.22064396739006042
0.47120314836502075,0.19542400538921356,-0.22026777267456055
0.46886730194091797,0.1955466866493225,-0.2198740541934967
0.4665313959121704,0.1956726461648941,-0.21946430206298828
0.46420472860336304,0.19580157101154327,-0.21904024481773376
0.461896687746048,0.19593289494514465,-0.21860390901565552
0.4596165418624878,0.1960662305355072,-0.21815750002861023
0.45737311244010925,0.1962009072303772,-0.2177034318447113
0.4551750719547272,0.19633641839027405,-0.21724426746368408
0.45303043723106384,0.19647207856178284,-0.21678265929222107
0.45094677805900574,0.1966073364019394,-0.21632128953933716
0.4489307403564453,0.1967414915561676,-0.21586284041404724
0.446988046169281,0.19687390327453613,-0.21540987491607666
0.44512319564819336,0.1970040202140808,-0.21496474742889404
0.4433395564556122,0.19713136553764343,-0.21452957391738892
0.4416390359401703,0.1972554624080658,-0.21410605311393738
0.44002223014831543,0.19737587869167328,-0.21369564533233643
0.4384884238243103,0.19749245047569275,-0.21329930424690247
0.4370355010032654,0.1976049542427063,-0.21291762590408325
0.4356605112552643,0.19771336019039154,-0.21255084872245789
0.43435972929000854,0.19781774282455444,-0.21219885349273682
0.43312889337539673,0.197918102145195,-0.21186134219169617
0.4319634437561035,0.19801455736160278,-0.21153774857521057
0.43085893988609314,0.19810736179351807,-0.21122750639915466
0.4298112988471985,0.1981966495513916,-0.21093004941940308
0.4288167357444763,0.19828253984451294,-0.21064475178718567
0.4278724193572998,0.19836512207984924,-0.21037128567695618
0.42697593569755554,0.19844454526901245,-0.21010935306549072
0.4261258840560913,0.19852063059806824,-0.20985886454582214
0.4253215789794922,0.19859346747398376,-0.20961999893188477
0.42456305027008057,0.19866281747817993,-0.20939305424690247
0.42385101318359375,0.19872865080833435,-0.2091785967350006
0.4231867790222168,0.1987905502319336,-0.20897722244262695
0.42257213592529297,0.19884836673736572,-0.20878979563713074
0.42200905084609985,0.19890174269676208,-0.20861715078353882
0.42149990797042847,0.19895033538341522,-0.20846030116081238
0.4210471212863922,0.19899389147758484,-0.20832020044326782
0.4206530451774597,0.19903191924095154,-0.20819780230522156
0.4203201234340668,0.19906428456306458,-0.20809406042099
0.4200505018234253,0.19909057021141052,-0.20800983905792236
0.41984638571739197,0.1991105079650879,-0.20794591307640076
0.4197096526622772,0.19912391901016235,-0.20790305733680725
0.4196420907974243,0.19913053512573242,-0.2078818678855896
0.4240058660507202,0.20220166444778442,-0.20398101210594177
0.43639424443244934,0.2108616977930069,-0.19218018651008606
0.4483644962310791,0.2191510796546936,-0.1796417534351349
0.45986729860305786,0.22702346742153168,-0.16641974449157715
0.470858097076416,0.23443743586540222,-0.1525767594575882
0.4812980890274048,0.2413569688796997,-0.13818271458148956
0.4911550283432007,0.24775215983390808,-0.12331435084342957
0.5004032850265503,0.25359949469566345,-0.1080537736415863
0.5090245604515076,0.25888264179229736,-0.09248754382133484
0.5170079469680786,0.2635921239852905,-0.07670524716377258
0.5243504047393799,0.2677256464958191,-0.0607985258102417
0.5310562252998352,0.27128782868385315,-0.044859617948532104
0.5371373891830444,0.2742900848388672,-0.028980284929275513
0.5426127910614014,0.2767500579357147,-0.01325070858001709
0.547508180141449,0.27869126200675964,0.0022413134574890137
0.5518556237220764,0.28014248609542847,0.017411500215530396
0.5556924343109131,0.28113681077957153,0.03217971324920654
0.5590609908103943,0.281711220741272,0.046470314264297485
0.5620075464248657,0.28190574049949646,0.0602128803730011
0.5645816326141357,0.28176239132881165,0.0733422338962555
0.5668349266052246,0.2813246250152588,0.08579885959625244
0.5688204169273376,0.28063639998435974,0.09752839803695679
0.5705913305282593,0.27974143624305725,0.10848173499107361
0.57220059633255,0.278682678937912,0.11861515045166016
0.5736989974975586,0.2775012254714966,0.1278892457485199
0.5751351118087769,0.2762361168861389,0.13626913726329803
0.576554000377655,0.27492350339889526,0.1437239795923233
0.5779961347579956,0.2735964059829712,0.15022654831409454
0.5794970393180847,0.27228420972824097,0.15575294196605682
0.5810859203338623,0.27101224660873413,0.1602824479341507
0.5827859044075012,0.26980161666870117,0.16379722952842712
0.5846126675605774,0.2686689794063568,0.1662825345993042
0.5865745544433594,0.26762646436691284,0.1677265167236328
0.5886721611022949,0.266681432723999,0.16812056303024292
0.5908989310264587,0.2658367156982422,0.1674596667289734
0.5932402610778809,0.2650904655456543,0.16574235260486603
0.5956753492355347,0.2644365131855011,0.1629711240530014
0.5981763005256653,0.26386454701423645,0.1591525822877884
0.600709855556488,0.2633604109287262,0.1542976051568985
0.6032377481460571,0.262906551361084,0.14842121303081512
0.6057174205780029,0.2624824345111847,0.14154230058193207
0.6081026196479797,0.262065052986145,0.13368326425552368
0.610344409942627,0.26162952184677124,0.12486988306045532
0.6123913526535034,0.26114946603775024,0.11513060331344604
0.6141897439956665,0.2605975270271301,0.10449649393558502
0.6156842708587646,0.2599458396434784,0.09300091862678528
0.616817831993103,0.2591663599014282,0.08067923784255981
0.6175318360328674,0.2582312226295471,0.06756943464279175
0.6177663207054138,0.257112979888916,0.05371218919754028
0.6174602508544922,0.25578492879867554,0.03915131092071533
0.6165518760681152,0.25422102212905884,0.023934602737426758
0.6149789690971375,0.2523965537548065,0.008114606142044067
0.6126801371574402,0.2502879798412323,-0.008250623941421509
0.6095952391624451,0.24787330627441406,-0.025096923112869263
0.6056665778160095,0.2451322078704834,-0.04235312342643738
0.6008404493331909,0.242046520113945,-0.059940844774246216
0.5950684547424316,0.2386002242565155,-0.07777422666549683
0.5883088111877441,0.23478007316589355,-0.09575992822647095
0.5805282592773438,0.23057569563388824,-0.11379784345626831
0.5717032551765442,0.22597984969615936,-0.13178163766860962
0.5618215799331665,0.22098910808563232,-0.149600088596344
0.5508829951286316,0.21560361981391907,-0.16713836789131165
0.538901150226593,0.20982784032821655,-0.18427985906600952
0.525903046131134,0.20367033779621124,-0.20090815424919128
0.5119300484657288,0.19714412093162537,-0.21690887212753296
0.5050143003463745,0.19395919144153595,-0.22417038679122925
0.5048379898071289,0.1939655840396881,-0.22415876388549805
0.5045161247253418,0.19397719204425812,-0.2241373360157013
0.5040479898452759,0.19399422407150269,-0.224105566740036
0.5034341812133789,0.19401663541793823,-0.2240629494190216
0.5026760101318359,0.1940445601940155,-0.22400879859924316
0.5017756223678589,0.19407793879508972,-0.22394227981567383
0.5007364153862,0.19411690533161163,-0.22386252880096436
0.49956241250038147,0.19416140019893646,-0.22376862168312073
0.4982583224773407,0.19421148300170898,-0.22365954518318176
0.49682965874671936,0.19426710903644562,-0.2235342562198639
0.49528276920318604,0.19432830810546875,-0.22339189052581787
0.4936242401599884,0.194395050406456,-0.22323140501976013
0.4918614625930786,0.1944671869277954,-0.22305193543434143
0.49000221490859985,0.19454482197761536,-0.22285273671150208
0.488054484128952,0.1946277916431427,-0.22263318300247192
0.4860268235206604,0.19471600651741028,-0.22239276766777039
0.48392805457115173,0.19480940699577332,-0.2221311628818512
0.4817669987678528,0.1949077546596527,-0.2218482494354248
0.4795529544353485,0.19501101970672607,-0.22154414653778076
0.4772951006889343,0.1951189637184143,-0.22121921181678772
0.47500279545783997,0.19523128867149353,-0.22087401151657104
0.47268539667129517,0.195347860455513,-0.22050932049751282
0.4703525900840759,0.19546833634376526,-0.22012627124786377
0.46801382303237915,0.19559234380722046,-0.21972620487213135
0.46567854285240173,0.19571954011917114,-0.2193107008934021
0.46335604786872864,0.1958494335412979,-0.21888160705566406
0.4610558748245239,0.19598165154457092,-0.21844106912612915
0.4587870240211487,0.1961156129837036,-0.21799132227897644
0.45655834674835205,0.19625070691108704,-0.2175348997116089
0.45437824726104736,0.1963863968849182,-0.21707433462142944
0.4522547125816345,0.19652202725410461,-0.21661236882209778
0.4501948356628418,0.1966569721698761,-0.21615168452262878
0.44820505380630493,0.19679060578346252,-0.21569493412971497
0.4462905526161194,0.19692225754261017,-0.2152445912361145
0.44445547461509705,0.19705137610435486,-0.21480292081832886
0.4427025318145752,0.19717755913734436,-0.21437188982963562
0.44103318452835083,0.19730031490325928,-0.2139531373977661
0.43944740295410156,0.19741930067539215,-0.21354791522026062
0.4379439353942871,0.19753435254096985,-0.21315699815750122
0.43652042746543884,0.197645366191864,-0.21278086304664612
0.4351733922958374,0.1977522224187851,-0.21241959929466248
0.4338989853858948,0.19785508513450623,-0.21207302808761597
0.4326927065849304,0.19795401394367218,-0.2117406725883484
0.43155014514923096,0.1980491280555725,-0.21142205595970154
0.43046677112579346,0.19814065098762512,-0.21111652255058289
0.42943868041038513,0.19822870194911957,-0.21082350611686707
0.42846253514289856,0.1983134001493454,-0.2105424702167511
0.4275355041027069,0.19839484989643097,-0.21027308702468872
0.42665570974349976,0.19847312569618225,-0.210015207529068
0.4258219003677368,0.1985480934381485,-0.20976880192756653
0.4250337481498718,0.19861972332000732,-0.20953407883644104
0.4242916703224182,0.1986878514289856,-0.20931148529052734
0.4235965609550476,0.1987522840499878,-0.2091015875339508
0.4229499101638794,0.19881275296211243,-0.20890513062477112
0.42235374450683594,0.1988690197467804,-0.20872291922569275
0.4218100905418396,0.19892069697380066,-0.2085559368133545
0.4213215410709381,0.19896745681762695,-0.20840516686439514
0.42089027166366577,0.1990090012550354,-0.20827150344848633
0.42051881551742554,0.19904492795467377,-0.208156019449234
0.42020952701568604,0.19907502830028534,-0.20805954933166504
0.41996467113494873,0.19909892976284027,-0.20798298716545105
0.419786274433136,0.19911640882492065,-0.20792707800865173
0.4196760952472687,0.1991272121667862,-0.2078925371170044
0.4196360111236572,0.19913119077682495,-0.2078799307346344
0.42898717522621155,0.20569179952144623,-0.19937294721603394
0.441230446100235,0.2142208218574524,-0.18725615739822388
0.45303410291671753,0.22235918045043945,-0.1744205504655838
0.46435049176216125,0.23006223142147064,-0.1609237790107727
0.47513723373413086,0.23729048669338226,-0.14683178067207336
0.4853579103946686,0.24401016533374786,-0.13221770524978638
0.4949827492237091,0.25019383430480957,-0.11716082692146301
0.5039888620376587,0.25582078099250793,-0.10174548625946045
0.5123610496520996,0.26087743043899536,-0.08605998754501343
0.5200915336608887,0.265357106924057,-0.0701952874660492
0.5271802544593811,0.2692604064941406,-0.054243624210357666
0.5336347222328186,0.2725948989391327,-0.03829759359359741
0.5394697189331055,0.2753745913505554,-0.022448807954788208
0.5447074174880981,0.2776198089122772,-0.00678679347038269
0.5493761301040649,0.2793562114238739,0.008601605892181396
0.553510308265686,0.2806147038936615,0.023633569478988647
0.5571497678756714,0.28143030405044556,0.038230448961257935
0.5603386163711548,0.2818414270877838,0.05231860280036926
0.5631247758865356,0.2818891108036041,0.06582945585250854
0.565558910369873,0.28161633014678955,0.07870009541511536
0.5676935911178589,0.2810669243335724,0.09087291359901428
0.5695823431015015,0.280285120010376,0.1022956371307373
0.5712783336639404,0.27931445837020874,0.11292159557342529
0.5728340744972229,0.27819734811782837,0.12270855903625488
0.5742995738983154,0.2769741415977478,0.1316191703081131
0.5757220983505249,0.2756829857826233,0.13962030410766602
0.5771452784538269,0.2743588089942932,0.14668259024620056
0.578607439994812,0.2730332016944885,0.1527801752090454
0.5801416635513306,0.27173396944999695,0.1578907072544098
0.5817748308181763,0.2704847455024719,0.16199465095996857
0.5835269093513489,0.2693048119544983,0.16507555544376373
0.585410475730896,0.2682088613510132,0.1671198606491089
0.5874307155609131,0.2672070562839508,0.1681172102689743
0.5895851850509644,0.2663048207759857,0.1680605262517929
0.591863751411438,0.2655029296875,0.16694629192352295
0.5942490696907043,0.2647975981235504,0.16477476060390472
0.5967172980308533,0.26418089866638184,0.16155032813549042
0.5992380976676941,0.26364076137542725,0.1572815179824829
0.6017760038375854,0.2631613612174988,0.15198086202144623
0.6042904853820801,0.26272377371788025,0.14566515386104584
0.606737494468689,0.2623063325881958,0.13835491240024567
0.6090694665908813,0.2618851065635681,0.13007400929927826
0.6112360954284668,0.2614343762397766,0.12084941565990448
0.613184928894043,0.2609272301197052,0.11071071028709412
0.6148613095283508,0.2603359818458557,0.09968988597393036
0.6162091493606567,0.2596326172351837,0.08782126009464264
0.6171703338623047,0.2587890625,0.07514125108718872
0.6176855564117432,0.25777748227119446,0.06168895959854126
0.6176941990852356,0.25657057762145996,0.04750630259513855
0.6171345114707947,0.255141943693161,0.03263881802558899
0.6159443855285645,0.25346603989601135,0.017136424779891968
0.6140615344047546,0.2515184283256531,0.0010539591312408447
0.6114248037338257,0.2492762804031372,-0.015547782182693481
0.6079745888710022,0.24671819806098938,-0.03260144591331482
0.6036547422409058,0.24382469058036804,-0.05003252625465393
0.5984134674072266,0.24057845771312714,-0.06775912642478943
0.592204749584198,0.23696459829807281,-0.08569175004959106
0.584990382194519,0.23297104239463806,-0.10373371839523315
0.5767409801483154,0.22858871519565582,-0.12178164720535278
0.5674378275871277,0.2238120585680008,-0.13972654938697815
0.5570738315582275,0.21863919496536255,-0.1574549823999405
0.5456549525260925,0.21307216584682465,-0.1748507171869278
0.5332006216049194,0.20711731910705566,-0.19179652631282806
0.5197445750236511,0.20078513026237488,-0.20817622542381287
0.5053346157073975,0.19409067928791046,-0.22387686371803284
0.5049514770507812,0.1939614713191986,-0.22416627407073975
0.5047098398208618,0.19397015869617462,-0.22415027022361755
0.5043219923973083,0.1939842253923416,-0.2241242229938507
0.503787636756897,0.19400368630886078,-0.22408762574195862
0.5031077861785889,0.19402863085269928,-0.22403985261917114
0.502284049987793,0.1940590739250183,-0.2239801585674286
0.5013192892074585,0.19409501552581787,-0.22390764951705933
0.5002171397209167,0.19413653016090393,-0.2238214910030365
0.49898189306259155,0.1941836029291153,-0.22372066974639893
0.4976188540458679,0.19423627853393555,-0.2236042320728302
0.49613380432128906,0.1942945420742035,-0.22347110509872437
0.4945331811904907,0.19435831904411316,-0.2233203649520874
0.4928241968154907,0.19442760944366455,-0.2231510877609253
0.4910142719745636,0.19450238347053528,-0.22296243906021118
0.48911139369010925,0.19458255171775818,-0.22275370359420776
0.48712393641471863,0.1946679949760437,-0.22252434492111206
0.4850604832172394,0.19475874304771423,-0.22227391600608826
0.4829297959804535,0.1948545277118683,-0.22200217843055725
0.4807412922382355,0.19495528936386108,-0.22170916199684143
0.47850388288497925,0.1950608342885971,-0.22139504551887512
0.4762270748615265,0.19517090916633606,-0.22106030583381653
0.47392037510871887,0.195285364985466,-0.22070562839508057
0.47159314155578613,0.19540388882160187,-0.22033193707466125
0.46925485134124756,0.195526123046875,-0.21994048357009888
0.4669152498245239,0.19565172493457794,-0.21953272819519043
0.4645836353302002,0.19578033685684204,-0.2191103994846344
0.4622695744037628,0.1959114521741867,-0.21867546439170837
0.45998209714889526,0.19604457914829254,-0.21823009848594666
0.45773032307624817,0.19617921113967896,-0.21777671575546265
0.45552295446395874,0.1963147222995758,-0.21731790900230408
0.4533681869506836,0.19645047187805176,-0.2168562412261963
0.45127353072166443,0.19658590853214264,-0.21639448404312134
0.449245810508728,0.19672028720378876,-0.21593526005744934
0.44729092717170715,0.19685304164886475,-0.2154812216758728
0.4454134702682495,0.19698360562324524,-0.21503472328186035
0.4436170756816864,0.19711139798164368,-0.21459785103797913
0.44190365076065063,0.19723597168922424,-0.21417251229286194
0.4402740001678467,0.19735698401927948,-0.21376004815101624
0.43872740864753723,0.19747412204742432,-0.21336153149604797
0.4372621774673462,0.197587251663208,-0.2129775881767273
0.4358752369880676,0.19769631326198578,-0.21260851621627808
0.434563010931015,0.19780126214027405,-0.21225419640541077
0.43332117795944214,0.19790227711200714,-0.21191436052322388
0.4321453273296356,0.19799944758415222,-0.21158850193023682
0.43103086948394775,0.19809284806251526,-0.21127602458000183
0.42997369170188904,0.19818274676799774,-0.21097636222839355
0.42896997928619385,0.19826924800872803,-0.21068891882896423
0.4280167818069458,0.19835245609283447,-0.21041324734687805
0.4271116256713867,0.19843244552612305,-0.21014916896820068
0.42625313997268677,0.19850918650627136,-0.2098965048789978
0.42544031143188477,0.19858267903327942,-0.20965540409088135
0.42467331886291504,0.1986527293920517,-0.2094261646270752
0.4239528179168701,0.19871917366981506,-0.2092093527317047
0.42328009009361267,0.19878187775611877,-0.20900559425354004
0.422656774520874,0.19884037971496582,-0.20881563425064087
0.4220850169658661,0.19889453053474426,-0.20864048600196838
0.42156705260276794,0.19894392788410187,-0.20848101377487183
0.4211054742336273,0.19898825883865356,-0.20833826065063477
0.4207025170326233,0.1990271806716919,-0.2082131803035736
0.4203607439994812,0.19906030595302582,-0.20810675621032715
0.42008236050605774,0.1990874707698822,-0.20801979303359985
0.4198695719242096,0.19910824298858643,-0.20795318484306335
0.41972431540489197,0.19912248849868774,-0.20790764689445496
0.4196484386920929,0.19912992417812347,-0.2078838348388672
0.42270541191101074,0.20128720998764038,-0.20515739917755127
0.4351620078086853,0.21000276505947113,-0.19340692460536957
0.44720372557640076,0.21835079789161682,-0.18091055750846863
0.4587802290916443,0.22628431022167206,-0.16772179305553436
0.4698464274406433,0.23376107215881348,-0.15390285849571228
0.48036253452301025,0.24074427783489227,-0.13952356576919556
0.49029555916786194,0.24720314145088196,-0.12466049194335938
0.4996189773082733,0.25311359763145447,-0.10939595103263855
0.508313775062561,0.25845837593078613,-0.09381666779518127
0.5163682699203491,0.2632274031639099,-0.07801273465156555
0.5237787961959839,0.2674177885055542,-0.062076181173324585
0.5305491089820862,0.2710336744785309,-0.04609978199005127
0.5366905331611633,0.2740859389305115,-0.030176162719726562
0.5422216653823853,0.2765918970108032,-0.014396101236343384
0.5471680164337158,0.27857494354248047,0.0011518001556396484
0.5515612363815308,0.28006359934806824,0.016382545232772827
0.5554386377334595,0.2810908854007721,0.031215041875839233
0.5588425397872925,0.28169381618499756,0.04557293653488159
0.5618192553520203,0.2819124460220337,0.05938518047332764
0.564418375492096,0.28178906440734863,0.07258576154708862
0.5666918158531189,0.28136730194091797,0.08511456847190857
0.5686928629875183,0.2806914150714874,0.09691652655601501
0.5704751014709473,0.279805451631546,0.10794228315353394
0.5720916986465454,0.27875256538391113,0.11814728379249573
0.5735939741134644,0.2775743007659912,0.1274920403957367
0.5750309228897095,0.2763100862503052,0.1359412670135498
0.5764480829238892,0.27499648928642273,0.14346379041671753
0.5778864026069641,0.2736668288707733,0.15003222227096558
0.5793817639350891,0.2723507881164551,0.15562254190444946
0.5809642672538757,0.27107417583465576,0.16021382808685303
0.582656979560852,0.2698584198951721,0.16378819942474365
0.5844764709472656,0.2687203586101532,0.16633082926273346
0.5864313244819641,0.2676723897457123,0.16782978177070618
0.5885227918624878,0.2667222023010254,0.16827645897865295
0.5907442569732666,0.2658727467060089,0.16766558587551117
0.5930820107460022,0.2651224136352539,0.16599571704864502
0.5955151319503784,0.2644651234149933,0.16326913237571716
0.5980161428451538,0.26389065384864807,0.1594925969839096
0.6005519032478333,0.26338502764701843,0.1546766459941864
0.6030842661857605,0.26293063163757324,0.14883607625961304
0.6055706739425659,0.26250696182250977,0.14198975265026093
0.6079649925231934,0.2620910108089447,0.1341599076986313
0.6102182269096375,0.26165783405303955,0.12537214159965515
0.6122786998748779,0.2611810266971588,0.11565478146076202
0.6140927076339722,0.26063311100006104,0.10503876209259033
0.6156046390533447,0.25998610258102417,0.09355725347995758
0.6167572140693665,0.25921186804771423,0.0812455415725708
0.6174914836883545,0.2582823634147644,0.06814154982566833
0.6177472472190857,0.2571699917316437,0.05428576469421387
0.6174631118774414,0.2558477520942688,0.0397220253944397
0.6165768504142761,0.2542896568775177,0.02449813485145569
0.6150259375572205,0.2524707615375519,0.008666545152664185
0.6127484440803528,0.2503672242164612,-0.007714569568634033
0.609683632850647,0.24795697629451752,-0.02458101511001587
0.6057735085487366,0.24521955847740173,-0.04186141490936279
0.6009637713432312,0.24213649332523346,-0.05947716534137726
0.5952053666114807,0.23869171738624573,-0.07734207808971405
0.5884562134742737,0.23487181961536407,-0.09536245465278625
0.5806824564933777,0.23066627979278564,-0.11343768239021301
0.5718603134155273,0.22606778144836426,-0.13146091997623444
0.561976969242096,0.2210727334022522,-0.14932018518447876
0.5510324239730835,0.21568137407302856,-0.16690003871917725
0.5390397906303406,0.209897980093956,-0.18408319354057312
0.52602618932724,0.20373126864433289,-0.20075231790542603
0.512033224105835,0.1971941590309143,-0.21679234504699707
0.505012035369873,0.1939592957496643,-0.2241702675819397
0.504837155342102,0.1939655989408493,-0.22415870428085327
0.5045161247253418,0.19397717714309692,-0.2241373360157013
0.5040484070777893,0.19399422407150269,-0.2241055965423584
0.5034341812133789,0.19401662051677704,-0.2240629494190216
0.5026749968528748,0.1940445601940155,-0.2240087389945984
0.5017732381820679,0.19407802820205688,-0.2239421010017395
0.5007320046424866,0.19411706924438477,-0.2238622009754181
0.4995553493499756,0.19416166841983795,-0.22376805543899536
0.4982483386993408,0.19421187043190002,-0.22365868091583252
0.4968164265155792,0.1942676305770874,-0.22353309392929077
0.49526578187942505,0.19432897865772247,-0.22339028120040894
0.49360334873199463,0.19439585506916046,-0.223229318857193
0.4918363690376282,0.19446823000907898,-0.2230493128299713
0.4899728000164032,0.19454605877399445,-0.2228495180606842
0.4880206882953644,0.1946292221546173,-0.22262927889823914
0.48598867654800415,0.19471769034862518,-0.2223881185054779
0.4838854670524597,0.19481129944324493,-0.22212570905685425
0.4817202687263489,0.194909930229187,-0.221841961145401
0.4795021414756775,0.19501343369483948,-0.2215370237827301
0.4772403836250305,0.19512155652046204,-0.22121116518974304
0.47494450211524963,0.19523416459560394,-0.22086504101753235
0.4726240336894989,0.1953509896993637,-0.2204994261264801
0.47028836607933044,0.19547167420387268,-0.2201155126094818
0.46794724464416504,0.19559592008590698,-0.21971458196640015
0.4656100273132324,0.195723295211792,-0.21929827332496643
0.46328625082969666,0.19585341215133667,-0.21886849403381348
0.46098530292510986,0.19598576426506042,-0.21842730045318604
0.45871612429618835,0.19611984491348267,-0.21797704696655273
0.456487774848938,0.19625505805015564,-0.21752017736434937
0.4543084502220154,0.1963908076286316,-0.21705937385559082
0.4521862268447876,0.19652649760246277,-0.21659725904464722
0.4501282274723053,0.19666138291358948,-0.21613657474517822
0.44814059138298035,0.19679492712020874,-0.21567994356155396
0.44622865319252014,0.19692659378051758,-0.2152298390865326
0.4443962275981903,0.1970556080341339,-0.2147884964942932
0.44264623522758484,0.19718162715435028,-0.2143579125404358
0.44097983837127686,0.19730427861213684,-0.2139396369457245
0.4393969774246216,0.19742316007614136,-0.2135348916053772
0.4378962814807892,0.1975380778312683,-0.21314451098442078
0.4364752471446991,0.19764891266822815,-0.21276885271072388
0.43513059616088867,0.19775569438934326,-0.21240803599357605
0.4338582158088684,0.19785840809345245,-0.21206185221672058
0.43265360593795776,0.19795726239681244,-0.21172982454299927
0.43151235580444336,0.1980523318052292,-0.2114114761352539
0.4304300844669342,0.19814376533031464,-0.21110612154006958
0.4294028580188751,0.1982318013906479,-0.2108132243156433
0.4284273087978363,0.19831648468971252,-0.2105322778224945
0.42750078439712524,0.1983979195356369,-0.2102629542350769
0.42662137746810913,0.1984761655330658,-0.21000510454177856
0.425788015127182,0.19855114817619324,-0.20975875854492188
0.42500039935112,0.19862274825572968,-0.20952412486076355
0.4242589473724365,0.19869086146354675,-0.20930162072181702
0.4235646724700928,0.19875523447990417,-0.2090919315814972
0.4229191839694977,0.19881564378738403,-0.208895742893219
0.42232441902160645,0.19887179136276245,-0.20871394872665405
0.42178261280059814,0.19892331957817078,-0.2085474729537964
0.4212961196899414,0.19896991550922394,-0.20839732885360718
0.4208674728870392,0.1990112066268921,-0.20826444029808044
0.4204990267753601,0.19904688000679016,-0.20814985036849976
0.4201931953430176,0.19907663762569427,-0.20805442333221436
0.4199521839618683,0.19910018146038055,-0.20797905325889587
0.4197780191898346,0.19911721348762512,-0.207924485206604
0.4196726083755493,0.19912752509117126,-0.20789143443107605
0.41963765025138855,0.19913099706172943,-0.207880437374115
0.4300408661365509,0.20642776787281036,-0.19837640225887299
0.4422708749771118,0.21494129300117493,-0.1861729472875595
0.45405521988868713,0.2230585664510727,-0.17325274646282196
0.4653463065624237,0.23073509335517883,-0.15967461466789246
0.4761020839214325,0.23793180286884308,-0.14550556242465973
0.4862865209579468,0.2446151226758957,-0.13081972301006317
0.49587035179138184,0.25075823068618774,-0.11569738388061523
0.5048313736915588,0.25634101033210754,-0.10022380948066711
0.5131548643112183,0.26135024428367615,-0.08448810875415802
0.5208339095115662,0.2657802999019623,-0.06858178973197937
0.5278691649436951,0.26963239908218384,-0.05259773135185242
0.5342689752578735,0.2729147672653198,-0.0366290807723999
0.5400490760803223,0.2756422162055969,-0.020767539739608765
0.5452322959899902,0.27783578634262085,-0.005103021860122681
0.5498479604721069,0.27952197194099426,0.010277777910232544
0.5539312362670898,0.28073227405548096,0.025291919708251953
0.5575225949287415,0.28150224685668945,0.03986102342605591
0.5606669187545776,0.28187096118927,0.05391159653663635
0.5634127855300903,0.28187984228134155,0.0673755407333374
0.5658113360404968,0.2815723419189453,0.08019009232521057
0.5679155588150024,0.2809925079345703,0.09229826927185059
0.5697791576385498,0.2801848351955414,0.1036483645439148
0.5714555978775024,0.27919289469718933,0.11419373750686646
0.5729973316192627,0.27805909514427185,0.12389306724071503
0.5744543671607971,0.27682387828826904,0.13270917534828186
0.575873851776123,0.27552497386932373,0.1406094878911972
0.5772987008094788,0.27419722080230713,0.14756518602371216
0.5787670612335205,0.27287185192108154,0.15355059504508972
0.5803113579750061,0.2715762257575989,0.15854398906230927
0.5819577574729919,0.27033349871635437,0.16252613067626953
0.5837253928184509,0.26916253566741943,0.16548097133636475
0.5856258869171143,0.2680774927139282,0.1673954725265503
0.5876637697219849,0.26708781719207764,0.16825979948043823
0.5898354053497314,0.26619845628738403,0.16806724667549133
0.5921297073364258,0.2654094696044922,0.16681478917598724
0.5945286750793457,0.26471656560897827,0.1645035594701767
0.5970072150230408,0.26411107182502747,0.16113820672035217
0.5995345711708069,0.26358047127723694,0.1567278653383255
0.6020742058753967,0.26310834288597107,0.1512858122587204
0.6045852899551392,0.2626754343509674,0.14482922852039337
0.6070228815078735,0.26225948333740234,0.1373789757490158
0.6093392372131348,0.26183632016181946,0.12895941734313965
0.611483097076416,0.2613798975944519,0.11959785223007202
0.6134018898010254,0.2608630955219269,0.10932418704032898
0.6150404214859009,0.2602580785751343,0.09817063808441162
0.6163418889045715,0.25953662395477295,0.08617177605628967
0.6172479391098022,0.2586705684661865,0.07336443662643433
0.6176987290382385,0.2576321065425873,0.05978798866271973
0.617633044719696,0.2563938796520233,0.04548501968383789
0.6169887781143188,0.2549295127391815,0.03050166368484497
0.6157034635543823,0.25321343541145325,0.014888614416122437
0.6137143969535828,0.2512214183807373,-0.0012982189655303955
0.6109603047370911,0.24893060326576233,-0.017997026443481445
0.6073816418647766,0.24631977081298828,-0.03513893485069275
0.6029226183891296,0.2433696836233139,-0.052648112177848816
0.5975316166877747,0.24006327986717224,-0.07044114172458649
0.5911636352539062,0.2363859862089157,-0.08842693269252777
0.5837814211845398,0.23232613503932953,-0.10650715231895447
0.5753570795059204,0.22787517309188843,-0.12457704544067383
0.565873384475708,0.22302798926830292,-0.14252617955207825
0.5553252696990967,0.21778330206871033,-0.16023999452590942
0.5437209010124207,0.2121439278125763,-0.17760132253170013
0.5310819149017334,0.20611684024333954,-0.194492369890213
0.5174446105957031,0.19971340894699097,-0.21079671382904053
0.5050390362739563,0.19395828247070312,-0.22417202591896057
0.5049194097518921,0.19396260380744934,-0.22416415810585022
0.5046539306640625,0.19397221505641937,-0.2241465449333191
0.5042414665222168,0.1939871460199356,-0.22411876916885376
0.5036821961402893,0.19400759041309357,-0.22408032417297363
0.5029770135879517,0.1940334439277649,-0.2240305244922638
0.502128005027771,0.19406482577323914,-0.22396859526634216
0.5011380910873413,0.19410181045532227,-0.22389376163482666
0.5000110864639282,0.1941443532705307,-0.22380498051643372
0.49875152111053467,0.19419248402118683,-0.2237013876438141
0.4973646402359009,0.19424620270729065,-0.22358191013336182
0.4958566129207611,0.19430547952651978,-0.22344553470611572
0.49423396587371826,0.1943703591823578,-0.2232913374900818
0.4925040006637573,0.1944407820701599,-0.223118394613266
0.49067431688308716,0.1945165991783142,-0.22292593121528625
0.48875296115875244,0.19459782540798187,-0.22271320223808289
0.48674845695495605,0.19468438625335693,-0.2224797010421753
0.4846695065498352,0.19477614760398865,-0.22222504019737244
0.4825250208377838,0.19487297534942627,-0.22194904088974
0.48032432794570923,0.19497479498386383,-0.22165173292160034
0.4780765175819397,0.19508129358291626,-0.22133338451385498
0.47579118609428406,0.19519230723381042,-0.2209944725036621
0.47347769141197205,0.1953076869249344,-0.2206357717514038
0.4711456894874573,0.1954270303249359,-0.22025829553604126
0.46880465745925903,0.19554997980594635,-0.21986329555511475
0.46646422147750854,0.19567635655403137,-0.21945229172706604
0.4641339182853699,0.19580551981925964,-0.2190271019935608
0.4618229866027832,0.1959371268749237,-0.21858972311019897
0.45954078435897827,0.19607070088386536,-0.21814242005348206
0.45729610323905945,0.19620561599731445,-0.21768760681152344
0.45509767532348633,0.19634123146533966,-0.21722784638404846
0.45295363664627075,0.1964770257472992,-0.2167658507823944
0.45087119936943054,0.19661231338977814,-0.21630433201789856
0.4488571882247925,0.19674643874168396,-0.21584588289260864
0.4469170570373535,0.1968788057565689,-0.21539312601089478
0.4450553059577942,0.19700887799263,-0.2149483561515808
0.4432750344276428,0.1971360445022583,-0.2145136296749115
0.44157806038856506,0.19725996255874634,-0.21409070491790771
0.43996477127075195,0.1973802149295807,-0.2136809229850769
0.43843430280685425,0.19749657809734344,-0.21328520774841309
0.43698450922966003,0.19760896265506744,-0.212904155254364
0.4356122612953186,0.19771723449230194,-0.21253788471221924
0.4343137741088867,0.19782143831253052,-0.21218633651733398
0.43308472633361816,0.1979217231273651,-0.2118491530418396
0.43192049860954285,0.1980181485414505,-0.21152576804161072
0.4308168590068817,0.1981109380722046,-0.21121561527252197
0.42976951599121094,0.1982002556324005,-0.2109180986881256
0.4287750720977783,0.19828617572784424,-0.21063274145126343
0.42783039808273315,0.1983688473701477,-0.21035906672477722
0.42693349719047546,0.1984482705593109,-0.21009689569473267
0.4260829985141754,0.19852450489997864,-0.20984616875648499
0.4252782464027405,0.19859743118286133,-0.2096070945262909
0.4245195686817169,0.19866688549518585,-0.20938000082969666
0.42380765080451965,0.1987326741218567,-0.20916548371315002
0.42314398288726807,0.19879457354545593,-0.20896419882774353
0.4225303530693054,0.1988523304462433,-0.20877701044082642
0.4219689667224884,0.1989055573940277,-0.2086048126220703
0.42146217823028564,0.19895395636558533,-0.2084486484527588
0.42101243138313293,0.19899722933769226,-0.20830944180488586
0.42062216997146606,0.1990349292755127,-0.20818820595741272
0.4202938377857208,0.19906681776046753,-0.20808586478233337
0.4200296401977539,0.19909259676933289,-0.20800331234931946
0.4198317527770996,0.1991119533777237,-0.20794132351875305
0.41970205307006836,0.19912466406822205,-0.20790067315101624
0.4196423888206482,0.19913053512573242,-0.20788192749023438
0.4257456362247467,0.2034197896718979,-0.20239488780498505
0.4381251335144043,0.21206414699554443,-0.19044114649295807
0.45007553696632385,0.22032800316810608,-0.17775163054466248
0.4615478217601776,0.22816522419452667,-0.16438230872154236
0.47249770164489746,0.2355346977710724,-0.15039756894111633
0.48288702964782715,0.24240082502365112,-0.13586944341659546
0.49268394708633423,0.24873436987400055,-0.12087628245353699
0.5018640160560608,0.25451284646987915,-0.10550209879875183
0.5104097723960876,0.2597208321094513,-0.08983494341373444
0.5183116793632507,0.26434990763664246,-0.07396583259105682
0.5255677700042725,0.26839905977249146,-0.05798766016960144
0.5321840047836304,0.27187424898147583,-0.04199349880218506
0.5381735563278198,0.2747880816459656,-0.026076018810272217
0.5435571670532227,0.277159720659256,-0.01032593846321106
0.5483616590499878,0.27901384234428406,0.005168706178665161
0.5526208281517029,0.2803804278373718,0.020323365926742554
0.5563733577728271,0.28129392862319946,0.035058170557022095
0.5596628785133362,0.2817922830581665,0.049297720193862915
0.5625368356704712,0.28191637992858887,0.06297200918197632
0.5650458335876465,0.2817091941833496,0.07601642608642578
0.5672422647476196,0.2812146544456482,0.08837199211120605
0.5691800117492676,0.2804773151874542,0.09998512268066406
0.5709125995635986,0.2795412242412567,0.11080759763717651
0.5724931955337524,0.27844929695129395,0.12079620361328125
0.5739726424217224,0.2772427201271057,0.12991254031658173
0.5753993988037109,0.2759603261947632,0.13812246918678284
0.5768177509307861,0.27463796734809875,0.1453959345817566
0.5782676935195923,0.2733080983161926,0.15170642733573914
0.5797834992408752,0.2719994783401489,0.15703076124191284
0.5813937187194824,0.27073678374290466,0.16134899854660034
0.5831197500228882,0.2695401906967163,0.1646440625190735
0.5849757790565491,0.26842546463012695,0.16690188646316528
0.5869686603546143,0.26740366220474243,0.1681116670370102
0.5890974402427673,0.2664811611175537,0.1682656705379486
0.5913536548614502,0.2656596302986145,0.1673595905303955
0.5937211513519287,0.26493605971336365,0.1653931885957718
0.5961774587631226,0.2643033266067505,0.1623699814081192
0.5986932516098022,0.26374995708465576,0.15829764306545258
0.6012340784072876,0.2632608413696289,0.15318800508975983
0.6037601828575134,0.26281753182411194,0.14705702662467957
0.6062279939651489,0.26239868998527527,0.13992448151111603
0.608590304851532,0.2619806230068207,0.13181357085704803
0.6107972264289856,0.2615378499031067,0.1227506697177887
0.6127961874008179,0.2610434889793396,0.11276471614837646
0.6145329475402832,0.260469913482666,0.10188733041286469
0.6159511208534241,0.2597888708114624,0.09015229344367981
0.6169925928115845,0.2589721381664276,0.07759559154510498
0.6175978779792786,0.2579917013645172,0.06425577402114868
0.6177061200141907,0.25682005286216736,0.05017447471618652
0.6172553300857544,0.25543034076690674,0.0353965163230896
0.6161827445030212,0.2537967264652252,0.019971102476119995
0.614425778388977,0.25189444422721863,0.003952503204345703
0.6119225025177002,0.24970023334026337,-0.012599289417266846
0.6086122989654541,0.2471921294927597,-0.02961769700050354
0.604438066482544,0.24435028433799744,-0.04702901840209961
0.5993465185165405,0.24115687608718872,-0.06475205719470978
0.5932903289794922,0.23759649693965912,-0.08269800245761871
0.586229681968689,0.23365646600723267,-0.10077056288719177
0.578133225440979,0.22932717204093933,-0.11886677145957947
0.5689802169799805,0.22460240125656128,-0.13687755167484283
0.5587616562843323,0.21947966516017914,-0.15468931198120117
0.5474815368652344,0.2139604389667511,-0.1721852719783783
0.5351572036743164,0.20805034041404724,-0.18924736976623535
0.5218203663825989,0.2017594426870346,-0.20575833320617676
0.5075170993804932,0.19510209560394287,-0.22160372138023376
0.5049715042114258,0.19396069645881653,-0.2241675853729248
0.5047519207000732,0.19396868348121643,-0.224153071641922
0.5043854117393494,0.19398194551467896,-0.22412851452827454
0.5038716197013855,0.19400063157081604,-0.22409343719482422
0.503211498260498,0.19402480125427246,-0.2240472137928009
0.502406656742096,0.19405454397201538,-0.22398915886878967
0.5014597177505493,0.19408974051475525,-0.2239183783531189
0.5003741979598999,0.1941305696964264,-0.22383400797843933
0.4991544485092163,0.1941770315170288,-0.2237350344657898
0.4978055953979492,0.19422902166843414,-0.22362050414085388
0.49633359909057617,0.19428664445877075,-0.22348937392234802
0.49474477767944336,0.19434985518455505,-0.2233407199382782
0.49304625391960144,0.1944185495376587,-0.22317355871200562
0.4912455081939697,0.19449274241924286,-0.2229870855808258
0.4893505871295929,0.19457237422466278,-0.22278055548667908
0.4873697757720947,0.1946573406457901,-0.2225533425807953
0.4853118360042572,0.19474756717681885,-0.2223050892353058
0.4831855893135071,0.19484291970729828,-0.2220354974269867
0.48100024461746216,0.19494326412677765,-0.221744567155838
0.47876495122909546,0.19504839181900024,-0.22143244743347168
0.4764893352985382,0.19515812397003174,-0.2210996448993683
0.47418275475502014,0.19527220726013184,-0.22074675559997559
0.47185468673706055,0.19539040327072144,-0.22037473320960999
0.46951475739479065,0.19551235437393188,-0.21998479962348938
0.46717268228530884,0.19563773274421692,-0.21957838535308838
0.46483778953552246,0.1957661509513855,-0.21915718913078308
0.4625196158885956,0.19589708745479584,-0.21872320771217346
0.460227370262146,0.1960301697254181,-0.21827858686447144
0.45797020196914673,0.19616469740867615,-0.21782571077346802
0.4557567536830902,0.196300208568573,-0.21736714243888855
0.45359522104263306,0.19643595814704895,-0.21690553426742554
0.45149344205856323,0.19657151401042938,-0.21644353866577148
0.4494580328464508,0.19670608639717102,-0.21598389744758606
0.4474950134754181,0.19683903455734253,-0.21552914381027222
0.4456092119216919,0.1969698667526245,-0.21508175134658813
0.4438040554523468,0.19709797203540802,-0.21464380621910095
0.44208183884620667,0.19722290337085724,-0.21421712636947632
0.4404433071613312,0.19734428822994232,-0.2138032615184784
0.43888795375823975,0.19746187329292297,-0.21340319514274597
0.43741393089294434,0.19757549464702606,-0.21301764249801636
0.4360184967517853,0.19768500328063965,-0.21264687180519104
0.4346979260444641,0.19779044389724731,-0.21229082345962524
0.43344810605049133,0.19789189100265503,-0.21194928884506226
0.4322644770145416,0.19798949360847473,-0.2116217017173767
0.431142657995224,0.19808340072631836,-0.21130752563476562
0.43007829785346985,0.19817377626895905,-0.21100613474845886
0.42906779050827026,0.19826078414916992,-0.21071702241897583
0.4281079173088074,0.19834445416927338,-0.2104397416114807
0.4271964132785797,0.19842492043972015,-0.21017396450042725
0.4263315796852112,0.19850213825702667,-0.20991966128349304
0.4255126714706421,0.19857609272003174,-0.20967692136764526
0.42473968863487244,0.1986466348171234,-0.20944607257843018
0.42401325702667236,0.19871361553668976,-0.20922759175300598
0.42333468794822693,0.1987767219543457,-0.2090221643447876
0.42270568013191223,0.19883576035499573,-0.2088305950164795
0.4221283495426178,0.19889041781425476,-0.20865380764007568
0.4216049313545227,0.19894030690193176,-0.2084926962852478
0.4211379289627075,0.19898509979248047,-0.2083483338356018
0.4207298457622528,0.1990245282649994,-0.2082217037677765
0.4203830659389496,0.1990581452846527,-0.20811370015144348
0.4200999140739441,0.1990857571363449,-0.2080252766609192
0.4198824465274811,0.19910699129104614,-0.20795723795890808
0.4197328984737396,0.1991216540336609,-0.20791032910346985
0.4196528196334839,0.19912950694561005,-0.20788520574569702
0.4221615195274353,0.20090365409851074,-0.20564714074134827
0.43465983867645264,0.20965182781219482,-0.19390447437763214
0.446743369102478,0.21803289651870728,-0.18141090869903564
0.45836156606674194,0.2259994000196457,-0.16822020709514618
0.4694686532020569,0.2335086613893509,-0.1543944627046585
0.48002466559410095,0.24052345752716064,-0.14000383019447327
0.48999595642089844,0.2470126748085022,-0.1251251995563507
0.49935564398765564,0.25295180082321167,-0.10984109342098236
0.5080844163894653,0.2583233714103699,-0.09423881769180298
0.5161706209182739,0.26311710476875305,-0.07840879261493683
0.5236100554466248,0.2673298120498657,-0.06244358420372009
0.5304064154624939,0.27096566557884216,-0.046436607837677
0.5365711450576782,0.27403542399406433,-0.030480802059173584
0.5421226620674133,0.27655652165412903,-0.014667719602584839
0.5470864772796631,0.27855220437049866,0.0009136497974395752
0.5514945983886719,0.2800511121749878,0.016177713871002197
0.5553841590881348,0.28108659386634827,0.03104296326637268
0.5587978363037109,0.28169572353363037,0.04543274641036987
0.5617821216583252,0.28191885352134705,0.05927538871765137
0.5643869042396545,0.2817983627319336,0.07250478863716125
0.5666643381118774,0.28137823939323425,0.08506032824516296
0.5686678290367126,0.2807027995586395,0.09688690304756165
0.5704514384269714,0.27981653809547424,0.10793471336364746
0.572068452835083,0.27876272797584534,0.11815932393074036
0.5735705494880676,0.27758312225341797,0.12752103805541992
0.5750069618225098,0.27631738781929016,0.13598446547985077
0.5764232873916626,0.2750021815299988,0.14351855218410492
0.5778607726097107,0.27367103099823,0.15009579062461853
0.5793555378913879,0.2723538279533386,0.15569214522838593
0.5809375643730164,0.27107617259025574,0.16028687357902527
0.5826302766799927,0.2698597311973572,0.16386207938194275
0.5844500660896301,0.2687213718891144,0.16640299558639526
0.5864057540893555,0.2676734924316406,0.16789782047271729
0.5917356014251709,0.264723002910614,0.17271210253238678
0.5973151922225952,0.2618110179901123,0.17674200236797333
0.6031622886657715,0.2589516341686249,0.17996545135974884
0.6092895865440369,0.25615572929382324,0.18235920369625092
0.6157037019729614,0.2534312307834625,0.18389900028705597
0.622404932975769,0.25078320503234863,0.18455898761749268
0.6293865442276001,0.24821437895298004,0.18431217968463898
0.6366342306137085,0.24572530388832092,0.18312986195087433
0.6441256403923035,0.2433146834373474,0.18098221719264984
0.6518300771713257,0.24097970128059387,0.17783810198307037
0.65970778465271,0.2387162744998932,0.17366527020931244
0.6677098274230957,0.23651933670043945,0.16843070089817047
0.6757779121398926,0.2343829721212387,0.16210098564624786
0.6838433742523193,0.23230072855949402,0.15464220941066742
0.6918277144432068,0.23026545345783234,0.1460207849740982
0.6996418237686157,0.2282695770263672,0.13620364665985107
0.7071859240531921,0.22630490362644196,0.12515904009342194
0.7143493890762329,0.22436240315437317,0.11285671591758728
0.7210100889205933,0.2224321812391281,0.09926921129226685
0.7270352244377136,0.2205027937889099,0.08437289297580719
0.732279896736145,0.21856123208999634,0.06814941763877869
0.7365884184837341,0.21659204363822937,0.05058826506137848
0.7397938966751099,0.21457703411579132,0.03168892860412598
0.7417192459106445,0.21249458193778992,0.011465460062026978
0.742179274559021,0.2103193700313568,-0.010049521923065186
0.7409824728965759,0.20802173018455505,-0.032799020409584045
0.7379360198974609,0.20556794106960297,-0.05669553577899933
0.7328509092330933,0.20292013883590698,-0.08161459863185883
0.7255496978759766,0.20003731548786163,-0.10738937556743622
0.7158766984939575,0.19687619805335999,-0.13380618393421173
0.7037084102630615,0.19339299201965332,-0.16060367226600647
0.6929588317871094,0.19062303006649017,-0.1803804636001587
0.6913504004478455,0.1906363070011139,-0.1813110113143921
0.6886124610900879,0.19065919518470764,-0.182867169380188
0.6847859621047974,0.19069190323352814,-0.18498393893241882
0.679928719997406,0.19073455035686493,-0.18757566809654236
0.6741126179695129,0.1907874047756195,-0.19054242968559265
0.6674214601516724,0.19085069000720978,-0.1937771439552307
0.6599481105804443,0.1909247785806656,-0.19717168807983398
0.6517912745475769,0.19100996851921082,-0.20062255859375
0.6430531144142151,0.1911066323518753,-0.20403534173965454
0.6338359117507935,0.1912151724100113,-0.2073274552822113
0.6242402791976929,0.191335991024971,-0.21042990684509277
0.6143626570701599,0.19146941602230072,-0.21328788995742798
0.6042941212654114,0.19161589443683624,-0.21586063504219055
0.5941185355186462,0.191775843501091,-0.2181202471256256
0.5839123725891113,0.19194957613945007,-0.2200506329536438
0.5737437605857849,0.19213742017745972,-0.22164583206176758
0.5636727213859558,0.1923397183418274,-0.2229084074497223
0.5537509918212891,0.19255663454532623,-0.22384777665138245
0.5440223813056946,0.19278842210769653,-0.22447887063026428
0.5345231890678406,0.19303512573242188,-0.2248205840587616
0.5252830982208252,0.19329681992530823,-0.22489458322525024
0.5163253545761108,0.19357341527938843,-0.22472432255744934
0.5076675415039062,0.19386473298072815,-0.2243342399597168
0.4993226230144501,0.19417056441307068,-0.22374895215034485
0.4912989139556885,0.19449052214622498,-0.22299274802207947
0.48360109329223633,0.19482411444187164,-0.2220892310142517
0.4762309789657593,0.19517073035240173,-0.22106090188026428
0.4691873788833618,0.19552966952323914,-0.21992895007133484
0.46246713399887085,0.1959000825881958,-0.2187131941318512
0.45606541633605957,0.1962810754776001,-0.2174319624900818
0.4499758780002594,0.1966715008020401,-0.2161020040512085
0.4441911578178406,0.19707021117210388,-0.21473848819732666
0.43870294094085693,0.19747599959373474,-0.2133551836013794
0.4375218152999878,0.19756707549095154,-0.21304607391357422
0.4364219307899475,0.19765308499336243,-0.21275463700294495
0.435391366481781,0.19773481786251068,-0.2124783992767334
0.43441900610923767,0.19781289994716644,-0.21221500635147095
0.4334949254989624,0.1978880912065506,-0.21196216344833374
0.43261048197746277,0.19796085357666016,-0.2117178738117218
0.43175816535949707,0.1980317234992981,-0.21148034930229187
0.43093210458755493,0.19810116291046143,-0.21124815940856934
0.4301275312900543,0.19816958904266357,-0.21102017164230347
0.42934104800224304,0.1982371211051941,-0.21079549193382263
0.4285704791545868,0.1983039677143097,-0.21057367324829102
0.4278148412704468,0.19837018847465515,-0.2103545367717743
0.4270741045475006,0.19843575358390808,-0.21013814210891724
0.4263492822647095,0.19850055873394012,-0.20992490649223328
0.4256422817707062,0.1985643208026886,-0.20971545577049255
0.4249556064605713,0.19862686097621918,-0.20951074361801147
0.42429250478744507,0.19868774712085724,-0.20931175351142883
0.4236568212509155,0.1987467110157013,-0.20911982655525208
0.4230523705482483,0.19880317151546478,-0.20893630385398865
0.42248356342315674,0.19885674118995667,-0.20876267552375793
0.4219547510147095,0.19890691339969635,-0.20860043168067932
0.42147016525268555,0.19895321130752563,-0.20845112204551697
0.4210340976715088,0.19899514317512512,-0.2083161473274231
0.42065027356147766,0.19903221726417542,-0.20819693803787231
0.42032259702682495,0.19906406104564667,-0.20809483528137207
0.420054167509079,0.19909019768238068,-0.20801100134849548
0.41984823346138,0.19911031424999237,-0.2079465091228485
0.4197072982788086,0.19912415742874146,-0.20790228247642517
0.41963374614715576,0.19913136959075928,-0.2078792154788971
0.4220849573612213,0.20086142420768738,-0.20569851994514465
0.4345565438270569,0.20958876609802246,-0.19399291276931763
0.446614146232605,0.21795028448104858,-0.18154087662696838
0.45820802450180054,0.22589927911758423,-0.16839563846588135
0.4692932069301605,0.2333935648202896,-0.1546187400817871
0.47983020544052124,0.24039632081985474,-0.14027950167655945
0.48978593945503235,0.2468767911195755,-0.1254541128873825
0.49913376569747925,0.25281059741973877,-0.11022430658340454
0.5078545212745667,0.2581804096698761,-0.0946764200925827
0.5159364938735962,0.2629757821559906,-0.07890011370182037
0.5233755111694336,0.2671935558319092,-0.0629870593547821
0.530174970626831,0.2708375155925751,-0.04702988266944885
0.5363460779190063,0.2739182412624359,-0.031120747327804565
0.5419067740440369,0.2764526903629303,-0.015350490808486938
0.5468823909759521,0.27846387028694153,0.0001925826072692871
0.551304042339325,0.2799798846244812,0.015423327684402466
0.555208683013916,0.2810335159301758,0.030260831117630005
0.558638334274292,0.2816615402698517,0.04462873935699463
0.5616389513015747,0.2819036543369293,0.05845573544502258
0.5642597079277039,0.28180187940597534,0.07167592644691467
0.566552460193634,0.281399667263031,0.08422878384590149
0.568570077419281,0.2807410955429077,0.09605923295021057
0.5703661441802979,0.2798701524734497,0.10711780190467834
0.5719936490058899,0.2788299024105072,0.11735968291759491
0.573503851890564,0.27766185998916626,0.12674511969089508
0.574945867061615,0.2764054238796234,0.13523879647254944
0.5763651728630066,0.27509722113609314,0.14280936121940613
0.5778031349182129,0.2737707495689392,0.1494291126728058
0.5792957544326782,0.27245575189590454,0.15507397055625916
0.5808733701705933,0.271178275346756,0.15972261130809784
0.5825597643852234,0.26995980739593506,0.163357213139534
0.5843715071678162,0.26881763339042664,0.16596250236034393
0.5863178968429565,0.26776427030563354,0.16752634942531586
0.5884006023406982,0.26680779457092285,0.16803984344005585
0.5906137228012085,0.26595139503479004,0.16749732196331024
0.5929437875747681,0.26519379019737244,0.16589704155921936
0.5953705906867981,0.2645292580127716,0.1632407307624817
0.5978670120239258,0.2639479339122772,0.15953472256660461
0.6004002690315247,0.2634360194206238,0.15478909015655518
0.6029326319694519,0.2629762887954712,0.1490182876586914
0.6054217219352722,0.26254838705062866,0.14224053919315338
0.6078217029571533,0.26212966442108154,0.13447783887386322
0.6100835800170898,0.2616952061653137,0.12575536966323853
0.6121559143066406,0.26121875643730164,0.11610133945941925
0.613985002040863,0.26067301630973816,0.10554631054401398
0.6155153512954712,0.26003000140190125,0.09412334859371185
0.6166897416114807,0.2592615783214569,0.0818677544593811
0.6174493432044983,0.2583397626876831,0.06881719827651978
0.6177339553833008,0.25723692774772644,0.05501222610473633
0.6174823641777039,0.25592610239982605,0.04049652814865112
0.6166322231292725,0.2543812096118927,0.025317728519439697
0.6151214241981506,0.25257712602615356,0.009528309106826782
0.6128876805305481,0.2504902482032776,-0.006814122200012207
0.6098705530166626,0.2480982095003128,-0.02364528179168701
0.6060118675231934,0.24538053572177887,-0.040894389152526855
0.6012572646141052,0.24231870472431183,-0.05848315358161926
0.5955575704574585,0.23889657855033875,-0.07632572948932648
0.5888702869415283,0.23510050773620605,-0.09432905912399292
0.581161379814148,0.23091988265514374,-0.11239275336265564
0.5724063515663147,0.22634726762771606,-0.1304105520248413
0.5625921487808228,0.2213788777589798,-0.14827090501785278
0.5517178773880005,0.21601468324661255,-0.1658587008714676
0.5397959351539612,0.21025881171226501,-0.18305692076683044
0.5268528461456299,0.20411963760852814,-0.19974839687347412
0.5129292011260986,0.19760991632938385,-0.21581822633743286
0.5050186514854431,0.19395902752876282,-0.22417068481445312
0.5048528909683228,0.19396501779556274,-0.22415974736213684
0.5045410990715027,0.1939762830734253,-0.224139004945755
0.5040827989578247,0.19399294257164001,-0.22410795092582703
0.5034783482551575,0.1940150260925293,-0.22406604886054993
0.5027289390563965,0.19404257833957672,-0.22401264309883118
0.5018370151519775,0.19407568871974945,-0.22394689917564392
0.5008057355880737,0.1941142976284027,-0.22386795282363892
0.49963894486427307,0.19415846467018127,-0.22377485036849976
0.4983416497707367,0.1942082643508911,-0.22366666793823242
0.49691930413246155,0.19426362216472626,-0.22354230284690857
0.4953780472278595,0.1943245232105255,-0.22340086102485657
0.4937247037887573,0.1943909376859665,-0.22324135899543762
0.4919666349887848,0.1944628655910492,-0.2230629026889801
0.49011147022247314,0.19454020261764526,-0.22286474704742432
0.4881673753261566,0.19462290406227112,-0.22264623641967773
0.48614299297332764,0.1947108805179596,-0.22240683436393738
0.4840468764305115,0.19480401277542114,-0.22214630246162415
0.481888085603714,0.1949021816253662,-0.2218644618988037
0.47967585921287537,0.19500522315502167,-0.22156143188476562
0.477419376373291,0.1951129287481308,-0.22123751044273376
0.47512805461883545,0.1952250897884369,-0.2208932638168335
0.47281134128570557,0.19534146785736084,-0.22052955627441406
0.4704788327217102,0.195461705327034,-0.22014740109443665
0.4681398272514343,0.19558554887771606,-0.21974816918373108
0.4658040404319763,0.19571258127689362,-0.2193334400653839
0.46348077058792114,0.19584237039089203,-0.21890506148338318
0.46117931604385376,0.1959744393825531,-0.21846508979797363
0.45890873670578003,0.19610831141471863,-0.2180158495903015
0.45667797327041626,0.19624334573745728,-0.21755975484848022
0.4544954001903534,0.19637903571128845,-0.21709942817687988
0.45236891508102417,0.19651466608047485,-0.21663755178451538
0.45030567049980164,0.19664962589740753,-0.21617677807807922
0.44831210374832153,0.19678333401679993,-0.2157197892665863
0.4463934302330017,0.19691509008407593,-0.2152690589427948
0.44455379247665405,0.19704438745975494,-0.2148268222808838
0.4427960216999054,0.19717076420783997,-0.21439510583877563
0.44112157821655273,0.1972937285900116,-0.21397551894187927
0.43953049182891846,0.19741298258304596,-0.21356931328773499
0.4380216598510742,0.1975283920764923,-0.2131773829460144
0.43659263849258423,0.19763967394828796,-0.21280008554458618
0.43524011969566345,0.1977469027042389,-0.21243762969970703
0.43396034836769104,0.1978500783443451,-0.21208980679512024
0.43274879455566406,0.1979493796825409,-0.21175622940063477
0.43160104751586914,0.19804486632347107,-0.21143633127212524
0.43051278591156006,0.19813676178455353,-0.2111295759677887
0.42948004603385925,0.19822511076927185,-0.21083533763885498
0.4284994304180145,0.19831013679504395,-0.2105531394481659
0.4275681674480438,0.19839197397232056,-0.21028265357017517
0.4266844391822815,0.19847050309181213,-0.2100236713886261
0.4258469343185425,0.19854581356048584,-0.20977622270584106
0.42505547404289246,0.19861774146556854,-0.20954057574272156
0.42431017756462097,0.19868610799312592,-0.20931705832481384
0.42361220717430115,0.19875085353851318,-0.20910632610321045
0.4229629635810852,0.19881156086921692,-0.20890909433364868
0.42236441373825073,0.1988680064678192,-0.2087261974811554
0.42181870341300964,0.1989198923110962,-0.208558589220047
0.42132824659347534,0.19896681606769562,-0.20840725302696228
0.420895516872406,0.1990084946155548,-0.20827314257621765
0.4205227494239807,0.19904454052448273,-0.2081572413444519
0.4202125072479248,0.19907474517822266,-0.20806047320365906
0.4199668765068054,0.19909872114658356,-0.20798364281654358
0.4197880029678345,0.19911621510982513,-0.2079276144504547
0.4196775555610657,0.19912707805633545,-0.2078929841518402
0.4196375012397766,0.19913102686405182,-0.2078804075717926
0.4291096031665802,0.20577654242515564,-0.1992587298154831
0.44136255979537964,0.214311882853508,-0.18711984157562256
0.4531739354133606,0.22245480120182037,-0.17426152527332306
0.464495986700058,0.2301606386899948,-0.1607418656349182
0.47528624534606934,0.2373899221420288,-0.14662721753120422
0.48550835251808167,0.24410885572433472,-0.13199102878570557
0.49513259530067444,0.2502900958061218,-0.11691305041313171
0.5041363835334778,0.25591301918029785,-0.10147804021835327
0.5125043988227844,0.2609640955924988,-0.08577460050582886
0.520229160785675,0.2654370963573456,-0.06989407539367676
0.527310848236084,0.2693325877189636,-0.05392900109291077
0.5337571501731873,0.27265840768814087,-0.037972211837768555
0.5395833253860474,0.275428831577301,-0.022115498781204224
0.544811487197876,0.2776643633842468,-0.006448626518249512
0.5494704842567444,0.2793910503387451,0.008941471576690674
0.5535949468612671,0.2806398868560791,0.023971915245056152
0.5572248697280884,0.2814461588859558,0.038564056158065796
0.5604046583175659,0.2818484306335449,0.05264413356781006
0.5631825923919678,0.28188806772232056,0.06614384055137634
0.5656094551086426,0.2816080152988434,0.07900011539459229
0.5677379369735718,0.2810524106025696,0.09115561842918396
0.5696216821670532,0.2802654802799225,0.10255822539329529
0.5713140368461609,0.2792907953262329,0.11316123604774475
0.5728673338890076,0.2781708240509033,0.12292273342609406
0.5743318796157837,0.27694594860076904,0.13180537521839142
0.5757548809051514,0.2756541967391968,0.13977636396884918
0.5771796107292175,0.2743305265903473,0.14680632948875427
0.5786445736885071,0.2730063498020172,0.15286973118782043
0.5801825523376465,0.27170929312705994,0.1579442024230957
0.5818203091621399,0.2704629600048065,0.16201038658618927
0.5835775136947632,0.2692863941192627,0.16505201160907745
0.5854665637016296,0.26819413900375366,0.1670556664466858
0.5874924659729004,0.2671962082386017,0.16801093518733978
0.589652419090271,0.26629769802093506,0.16791103780269623
0.5919362306594849,0.2654993236064911,0.1667524129152298
0.5943262577056885,0.2647971212863922,0.1645354926586151
0.5967981219291687,0.2641828656196594,0.161264568567276
0.5993216037750244,0.2636443078517914,0.15694816410541534
0.601860523223877,0.26316550374031067,0.1515990048646927
0.6043745875358582,0.2627274990081787,0.14523380994796753
0.6068191528320312,0.2623082995414734,0.13787296414375305
0.6091464161872864,0.26188385486602783,0.12954041361808777
0.6113058924674988,0.26142847537994385,0.12026305496692657
0.6132444739341736,0.26091504096984863,0.11007054150104523
0.6149075031280518,0.26031577587127686,0.09899488091468811
0.6162381768226624,0.25960254669189453,0.08707045018672943
0.617178201675415,0.2587472200393677,0.07433390617370605
0.6176677346229553,0.25772181153297424,0.06082451343536377
0.617645800113678,0.25649920105934143,0.046584635972976685
0.6170502305030823,0.2550525963306427,0.0316602885723114
0.6158185005187988,0.25335660576820374,0.016101747751235962
0.6138883233070374,0.251386821269989,-3.528594970703125e-05
0.6111979484558105,0.24912026524543762,-0.016689300537109375
0.6076880097389221,0.24653559923171997,-0.03379213809967041
0.6033021807670593,0.24361346662044525,-0.051268309354782104
0.5979888439178467,0.240336611866951,-0.06903494894504547
0.5917025804519653,0.23669037222862244,-0.08700154721736908
0.5844053030014038,0.23266273736953735,-0.10507048666477203
0.576068639755249,0.22824496030807495,-0.12313738465309143
0.5666744709014893,0.22343170642852783,-0.14109236001968384
0.5562170147895813,0.21822139620780945,-0.1588212102651596
0.5447030663490295,0.21261651813983917,-0.1762070506811142
0.5321536064147949,0.20662370324134827,-0.19313225150108337
0.518603503704071,0.20025397837162018,-0.2094803750514984
0.5050427913665771,0.1939581334590912,-0.22417226433753967
0.5049351453781128,0.19396205246448517,-0.2241651713848114
0.5046818256378174,0.1939712017774582,-0.22414839267730713
0.504281759262085,0.1939857006072998,-0.22412151098251343
0.5037349462509155,0.19400562345981598,-0.22408398985862732
0.5030423402786255,0.1940310299396515,-0.22403517365455627
0.5022059082984924,0.19406194984912872,-0.22397437691688538
0.5012283325195312,0.19409842789173126,-0.2239006757736206
0.5001134872436523,0.1941404491662979,-0.22381320595741272
0.4988659620285034,0.19418805837631226,-0.22371098399162292
0.497490793466568,0.1942412555217743,-0.22359299659729004
0.49599412083625793,0.19430005550384521,-0.22345823049545288
0.49438241124153137,0.19436435401439667,-0.22330576181411743
0.49266284704208374,0.19443421065807343,-0.22313466668128967
0.4908430278301239,0.19450953602790833,-0.22294411063194275
0.4889310300350189,0.19459019601345062,-0.22273337841033936
0.48693525791168213,0.1946762502193451,-0.2225019633769989
0.4848642349243164,0.19476747512817383,-0.22224944829940796
0.48272705078125,0.19486375153064728,-0.22197562456130981
0.48053276538848877,0.19496500492095947,-0.22168052196502686
0.47829070687294006,0.1950709968805313,-0.2213643491268158
0.47601020336151123,0.19518154859542847,-0.22102764248847961
0.47370076179504395,0.19529642164707184,-0.22067105770111084
0.4713717997074127,0.19541530311107635,-0.22029557824134827
0.4690329432487488,0.19553786516189575,-0.21990248560905457
0.4666937291622162,0.19566380977630615,-0.2194932997226715
0.4643635153770447,0.19579261541366577,-0.2190696895122528
0.46205171942710876,0.19592395424842834,-0.2186337113380432
0.45976758003234863,0.1960572749376297,-0.21818754076957703
0.4575199782848358,0.19619199633598328,-0.21773362159729004
0.45531758666038513,0.19632752239704132,-0.21727445721626282
0.45316848158836365,0.19646324217319489,-0.21681275963783264
0.45108017325401306,0.19659855961799622,-0.2163512110710144
0.4490593671798706,0.19673283398151398,-0.21589243412017822
0.4471116364002228,0.19686537981033325,-0.21543902158737183
0.44524165987968445,0.19699570536613464,-0.21499332785606384
0.4434526860713959,0.1971231997013092,-0.2145574390888214
0.44174668192863464,0.19724750518798828,-0.2141331136226654
0.4401242733001709,0.19736826419830322,-0.21372175216674805
0.438584566116333,0.1974850594997406,-0.21332436800003052
0.43712568283081055,0.197597935795784,-0.21294152736663818
0.4357447326183319,0.1977066844701767,-0.21257346868515015
0.4344377815723419,0.19781139492988586,-0.21222013235092163
0.4332008361816406,0.19791215658187866,-0.21188119053840637
0.4320293068885803,0.19800910353660583,-0.21155613660812378
0.43091872334480286,0.19810235500335693,-0.2112443745136261
0.4298650026321411,0.19819201529026031,-0.21094536781311035
0.42886462807655334,0.19827839732170105,-0.21065855026245117
0.42791450023651123,0.19836139678955078,-0.21038353443145752
0.42701244354248047,0.19844123721122742,-0.2101200520992279
0.4261570870876312,0.198517844080925,-0.20986810326576233
0.42534762620925903,0.19859108328819275,-0.20962777733802795
0.424584299325943,0.19866088032722473,-0.20939946174621582
0.42386794090270996,0.1987270563840866,-0.2091836929321289
0.4231996536254883,0.19878935813903809,-0.20898112654685974
0.4225814640522003,0.19884753227233887,-0.20879262685775757
0.4220152497291565,0.19890116155147552,-0.20861905813217163
0.42150363326072693,0.19894996285438538,-0.2084614336490631
0.4210488200187683,0.19899369776248932,-0.2083207368850708
0.420653373003006,0.19903191924095154,-0.20819789171218872
0.4203195571899414,0.19906431436538696,-0.20809391140937805
0.42004984617233276,0.1990906298160553,-0.20800960063934326
0.41984614729881287,0.19911053776741028,-0.20794585347175598
0.41971051692962646,0.1991238296031952,-0.20790329575538635
0.4196445941925049,0.1991303265094757,-0.20788264274597168
0.424629271030426,0.20263691246509552,-0.20341724157333374
0.4370383620262146,0.21130841970443726,-0.19153724610805511
0.44902318716049194,0.21960394084453583,-0.17891784012317657
0.4605342447757721,0.2274770438671112,-0.16561424732208252
0.47152701020240784,0.23488613963127136,-0.15169021487236023
0.48196282982826233,0.24179527163505554,-0.13721689581871033
0.4918094277381897,0.24817466735839844,-0.12227216362953186
0.5010415315628052,0.25400134921073914,-0.10693934559822083
0.5096412301063538,0.25925907492637634,-0.09130609035491943
0.5175982713699341,0.26393911242485046,-0.07546314597129822
0.5249102115631104,0.26803964376449585,-0.059502989053726196
0.5315820574760437,0.2715660035610199,-0.04351869225502014
0.5376265048980713,0.2745303213596344,-0.027602851390838623
0.5430634021759033,0.27695098519325256,-0.011846184730529785
0.5479193329811096,0.27885234355926514,0.0036630332469940186
0.5522271394729614,0.2802637815475464,0.018840312957763672
0.5560252070426941,0.28121933341026306,0.0336051881313324
0.5593565702438354,0.28175655007362366,0.04788210988044739
0.5622682571411133,0.2819159924983978,0.061600565910339355
0.564810574054718,0.2817404270172119,0.07469579577445984
0.5670357346534729,0.28127366304397583,0.08710810542106628
0.5689972639083862,0.28056007623672485,0.09878373146057129
0.5707488656044006,0.279643714427948,0.1096738874912262
0.5723434686660767,0.2785675525665283,0.11973512172698975
0.5738322734832764,0.27737289667129517,0.1289285123348236
0.5752637386322021,0.27609866857528687,0.13721971213817596
0.5766826868057251,0.2747810482978821,0.14457808434963226
0.5781292915344238,0.2734527289867401,0.15097706019878387
0.579638659954071,0.27214276790618896,0.15639309585094452
0.5812395811080933,0.27087610960006714,0.16080589592456818
0.5829542875289917,0.26967355608940125,0.16419805586338043
0.584797739982605,0.2685510516166687,0.1665552854537964
0.58677738904953,0.2675202488899231,0.1678662896156311
0.5888930559158325,0.2665878236293793,0.16812294721603394
0.5911371111869812,0.2657560110092163,0.1673206239938736
0.5934942960739136,0.2650223970413208,0.16545847058296204
0.595942497253418,0.2643800377845764,0.16253940761089325
0.5984532833099365,0.26381805539131165,0.15857072174549103
0.6009925007820129,0.2633216977119446,0.15356361865997314
0.6035209894180298,0.2628728151321411,0.14753353595733643
0.6059954762458801,0.2624503970146179,0.14049969613552094
0.6083690524101257,0.26203104853630066,0.13248486816883087
0.6105921268463135,0.2615894377231598,0.12351511418819427
0.6126123666763306,0.26109880208969116,0.11361904442310333
0.6143752336502075,0.26053157448768616,0.10282796621322632
