0.4418735206127167,-0.19723819196224213,-0.21416494250297546
0.4402446746826172,-0.19735915958881378,-0.21375253796577454
0.43869897723197937,-0.19747629761695862,-0.21335414052009583
0.4372346103191376,-0.1975894570350647,-0.2129703164100647
0.4358486235141754,-0.1976984441280365,-0.21260136365890503
0.43453744053840637,-0.1978033483028412,-0.21224722266197205
0.4332968592643738,-0.1979042887687683,-0.21190765500068665
0.43212246894836426,-0.19800132513046265,-0.21158212423324585
0.4310097098350525,-0.19809463620185852,-0.2112700641155243
0.4299543499946594,-0.19818440079689026,-0.21097084879875183
0.42895275354385376,-0.19827070832252502,-0.2106839418411255
0.4280017018318176,-0.19835376739501953,-0.21040886640548706
0.42709892988204956,-0.19843357801437378,-0.21014541387557983
0.4262426495552063,-0.19851012527942657,-0.20989340543746948
0.4254322946071625,-0.19858340919017792,-0.20965299010276794
0.424667626619339,-0.19865325093269348,-0.2094244360923767
0.42394933104515076,-0.19871953129768372,-0.20920827984809875
0.4232785701751709,-0.19878199696540833,-0.20900514721870422
0.4226571023464203,-0.19884036481380463,-0.20881575345993042
0.42208683490753174,-0.19889435172080994,-0.20864105224609375
0.4215700924396515,-0.19894364476203918,-0.20848196744918823
0.42110925912857056,-0.19898785650730133,-0.20833945274353027
0.42070671916007996,-0.19902671873569489,-0.20821449160575867
0.4203649163246155,-0.19905993342399597,-0.20810800790786743
0.42008596658706665,-0.19908709824085236,-0.2080208957195282
0.4198720455169678,-0.19910800457000732,-0.20795395970344543
0.419725239276886,-0.19912239909172058,-0.20790794491767883
0.419647216796875,-0.19913005828857422,-0.20788344740867615
0.4220479428768158,-0.2008272409439087,-0.2057437002658844
0.434487521648407,-0.2095339298248291,-0.19407090544700623
0.44651761651039124,-0.2178780436515808,-0.1816539764404297
0.45808830857276917,-0.22581276297569275,-0.16854546964168549
0.4691544473171234,-0.23329587280750275,-0.15480658411979675
0.4796764552593231,-0.24029064178466797,-0.14050593972206116
0.4896209239959717,-0.2467660754919052,-0.12571915984153748
0.4989612400531769,-0.25269779562950134,-0.11052736639976501
0.5076779127120972,-0.25806835293769836,-0.09501627087593079
0.5157589912414551,-0.26286712288856506,-0.07927490770816803
0.5232000350952148,-0.26709067821502686,-0.0633944571018219
0.5300042629241943,-0.2707425355911255,-0.04746690392494202
0.5361823439598083,-0.27383294701576233,-0.0315839946269989
0.5417520403862,-0.2763786017894745,-0.015836060047149658
0.5467379689216614,-0.27840206027030945,-0.00031113624572753906
0.551171064376831,-0.27993109822273254,0.014905989170074463
0.5550878643989563,-0.280998170375824,0.029734551906585693
0.558529794216156,-0.28163963556289673,0.044098496437072754
0.5615423321723938,-0.2818947732448578,0.0579264760017395
0.5641746520996094,-0.28180545568466187,0.07115256786346436
0.5664777755737305,-0.2814146876335144,0.08371642231941223
0.5685046315193176,-0.28076645731925964,0.09556293487548828
0.5703083276748657,-0.27990442514419556,0.10664218664169312
0.5719417929649353,-0.2788715362548828,0.11690957844257355
0.5734560489654541,-0.2777092456817627,0.12632502615451813
0.5749001502990723,-0.2764568626880646,0.1348530650138855
0.5763195753097534,-0.2751510441303253,0.14246207475662231
0.5777558088302612,-0.2738252878189087,0.1491243541240692
0.5792449712753296,-0.27250954508781433,0.1548154354095459
0.5808175206184387,-0.2712298631668091,0.1595139503479004
0.5824974775314331,-0.27000802755355835,0.1632016897201538
0.5843018889427185,-0.26886147260665894,0.1658632755279541
0.5862402319908142,-0.2678030729293823,0.16748635470867157
0.5883146524429321,-0.26684096455574036,0.16806161403656006
0.5905196666717529,-0.2659788429737091,0.16758349537849426
0.5928421020507812,-0.2652156949043274,0.1660497784614563
0.5952620506286621,-0.2645460069179535,0.16346213221549988
0.5977530479431152,-0.2639602720737457,0.1598266363143921
0.6002826690673828,-0.2634449899196625,0.155153289437294
0.6028134226799011,-0.26298317313194275,0.14945629239082336
0.6053034067153931,-0.262554794549942,0.14275389909744263
0.6077072620391846,-0.26213735342025757,0.13506799936294556
0.6099763512611389,-0.2617062032222748,0.12642371654510498
0.6120596528053284,-0.2612352967262268,0.11684906482696533
0.6139039993286133,-0.26069748401641846,0.10637480020523071
0.6154543161392212,-0.26006489992141724,0.09503372013568878
0.616654098033905,-0.25930967926979065,0.08286097645759583
0.6174448728561401,-0.25840383768081665,0.0698939859867096
0.6177670955657959,-0.25731992721557617,0.056172966957092285
0.6175600290298462,-0.2560310661792755,0.04174110293388367
0.616762101650238,-0.2545112073421478,0.026645541191101074
0.615311324596405,-0.2527354657649994,0.010937720537185669
0.613146185874939,-0.25067996978759766,-0.005325257778167725
0.6102063059806824,-0.24832260608673096,-0.022080600261688232
0.6064337491989136,-0.2456427365541458,-0.039258331060409546
0.6017740368843079,-0.2426217943429947,-0.05678167939186096
0.5961778163909912,-0.23924346268177032,-0.07456614077091217
0.5896021127700806,-0.23549388349056244,-0.09251987934112549
0.5820121765136719,-0.23136217892169952,-0.11054417490959167
0.5733826160430908,-0.22684068977832794,-0.1285339742898941
0.5636990666389465,-0.2219250649213791,-0.14637893438339233
0.5529593229293823,-0.2166149616241455,-0.1639651507139206
0.541174054145813,-0.21091392636299133,-0.1811763495206833
0.5283679962158203,-0.2048298865556717,-0.19789616763591766
0.5145796537399292,-0.19837480783462524,-0.21400991082191467
0.5050320625305176,-0.19395853579044342,-0.22417157888412476
0.5048823356628418,-0.19396397471427917,-0.22416171431541443
0.5045874118804932,-0.1939745992422104,-0.22414210438728333
0.5041465759277344,-0.1939905881881714,-0.22411230206489563
0.5035598874092102,-0.19401204586029053,-0.22407180070877075
0.5028288960456848,-0.19403891265392303,-0.224019855260849
0.5019553303718567,-0.19407124817371368,-0.22395575046539307
0.5009424686431885,-0.19410914182662964,-0.22387859225273132
0.4997941553592682,-0.1941525787115097,-0.22378748655319214
0.498514860868454,-0.19420158863067627,-0.22368139028549194
0.49711018800735474,-0.19425615668296814,-0.22355934977531433
0.4955860674381256,-0.19431620836257935,-0.22342035174369812
0.4939492344856262,-0.19438186287879944,-0.2232634723186493
0.4922066926956177,-0.1944529414176941,-0.22308778762817383
0.4903663396835327,-0.19452950358390808,-0.22289258241653442
0.4884359836578369,-0.19461137056350708,-0.2226770520210266
0.48642414808273315,-0.19469855725765228,-0.22244080901145935
0.4843394458293915,-0.19479089975357056,-0.2221834361553192
0.48219090700149536,-0.19488827884197235,-0.22190481424331665
0.47998741269111633,-0.19499054551124573,-0.22160497307777405
0.47773832082748413,-0.19509749114513397,-0.2212841808795929
0.4754530191421509,-0.19520899653434753,-0.22094303369522095
0.47314080595970154,-0.19532470405101776,-0.22058221697807312
0.4708111584186554,-0.19544439017772675,-0.22020283341407776
0.4684736430644989,-0.19556769728660583,-0.21980613470077515
0.46613770723342896,-0.19569425284862518,-0.21939364075660706
0.4638126492500305,-0.19582363963127136,-0.2189672291278839
0.46150797605514526,-0.19595538079738617,-0.2185288965702057
0.45923280715942383,-0.1960889846086502,-0.21808087825775146
0.45699596405029297,-0.1962239146232605,-0.21762564778327942
0.45480597019195557,-0.1963595151901245,-0.21716579794883728
0.4526708722114563,-0.1964951753616333,-0.21670395135879517
0.4505980908870697,-0.19663028419017792,-0.21624284982681274
0.44859403371810913,-0.19676418602466583,-0.21578511595726013
0.4466642439365387,-0.1968962848186493,-0.21533331274986267
0.4448131322860718,-0.19702595472335815,-0.2148897647857666
0.44304367899894714,-0.19715279340744019,-0.2144564688205719
0.4413575828075409,-0.1972762644290924,-0.21403515338897705
0.4397552013397217,-0.19739598035812378,-0.21362712979316711
0.43823543190956116,-0.19751185178756714,-0.21323329210281372
0.4367961585521698,-0.19762369990348816,-0.21285420656204224
0.4354342520236969,-0.1977313905954361,-0.21248996257781982
0.4341457784175873,-0.1978350579738617,-0.2121405005455017
0.43292638659477234,-0.19793474674224854,-0.21180537343025208
0.4317716360092163,-0.19803062081336975,-0.2114841341972351
0.43067699670791626,-0.1981227993965149,-0.2111760675907135
0.42963847517967224,-0.19821149110794067,-0.21088066697120667
0.42865243554115295,-0.19829681515693665,-0.21059736609458923
0.42771610617637634,-0.19837890565395355,-0.21032577753067017
0.4268273711204529,-0.1984577775001526,-0.21006572246551514
0.42598482966423035,-0.19853335618972778,-0.20981711149215698
0.42518794536590576,-0.19860562682151794,-0.20958015322685242
0.42443692684173584,-0.1986744999885559,-0.2093552052974701
0.4237326979637146,-0.1987396478652954,-0.209142804145813
0.4230765104293823,-0.19880089163780212,-0.2089436650276184
0.4224703013896942,-0.19885799288749695,-0.2087586224079132
0.421916127204895,-0.19891057908535004,-0.20858857035636902
0.42141643166542053,-0.1989583671092987,-0.20843449234962463
0.4209734797477722,-0.19900093972682953,-0.20829737186431885
0.4205898344516754,-0.1990380585193634,-0.20817813277244568
0.4202677607536316,-0.19906936585903168,-0.20807772874832153
0.4200095534324646,-0.19909456372261047,-0.20799702405929565
0.4198172688484192,-0.1991133987903595,-0.20793679356575012
0.4196928143501282,-0.19912557303905487,-0.20789778232574463
0.4196380078792572,-0.19913092255592346,-0.20788055658340454
0.42633047699928284,-0.20383164286613464,-0.20185288786888123
0.4386534094810486,-0.21243241429328918,-0.18990324437618256
0.45054808259010315,-0.22065314650535583,-0.17722445726394653
0.4619658589363098,-0.22844815254211426,-0.16387222707271576
0.47286322712898254,-0.23577699065208435,-0.14991074800491333
0.48320257663726807,-0.242604598402977,-0.13541147112846375
0.4929526150226593,-0.24890215694904327,-0.12045232951641083
0.5020890831947327,-0.2546475827693939,-0.10511654615402222
0.5105950236320496,-0.2598256766796112,-0.08949156105518341
0.5184611082077026,-0.26442834734916687,-0.07366761565208435
0.5256854891777039,-0.2684546709060669,-0.05773669481277466
0.5322742462158203,-0.27191054821014404,-0.041791170835494995
0.5382404327392578,-0.27480873465538025,-0.02592286467552185
0.5436046123504639,-0.2771679759025574,-0.010221719741821289
0.548393726348877,-0.279013067483902,0.00522497296333313
0.5526407957077026,-0.2803735136985779,0.020333528518676758
0.5563845634460449,-0.28128349781036377,0.03502452373504639
0.559668242931366,-0.2817806601524353,0.049223124980926514
0.562538743019104,-0.28190550208091736,0.06285983324050903
0.5650463104248047,-0.2817005515098572,0.07587054371833801
0.5672429203987122,-0.28120946884155273,0.08819648623466492
0.5691818594932556,-0.28047633171081543,0.09978443384170532
0.5709165334701538,-0.2795448899269104,0.11058634519577026
0.5724995136260986,-0.2784577012062073,0.12055911123752594
0.5739814043045044,-0.27725571393966675,0.12966439127922058
0.5754100680351257,-0.27597737312316895,0.13786810636520386
0.5768300294876099,-0.2746585011482239,0.145140141248703
0.5782806873321533,-0.27333134412765503,0.15145395696163177
0.5797964930534363,-0.27202457189559937,0.1567862331867218
0.5814056396484375,-0.27076268196105957,0.161116823554039
0.5831295847892761,-0.26956599950790405,0.1644286811351776
0.5849828720092773,-0.2684502601623535,0.16670745611190796
0.5869721174240112,-0.26742666959762573,0.16794222593307495
0.5890965461730957,-0.26650166511535645,0.16812488436698914
0.5913479924201965,-0.2656770944595337,0.16725119948387146
0.5937106013298035,-0.2649502456188202,0.16532057523727417
0.5961619019508362,-0.26431408524513245,0.16233618557453156
0.5986730456352234,-0.26375746726989746,0.15830577909946442
0.6012095212936401,-0.2632654309272766,0.15324093401432037
0.6037323474884033,-0.2628197968006134,0.14715754985809326
0.6061977744102478,-0.26239943504333496,0.14007511734962463
0.608559250831604,-0.26198095083236694,0.13201697170734406
0.610767126083374,-0.2615389823913574,0.12300929427146912
0.6127692461013794,-0.2610469162464142,0.11308126151561737
0.6145118474960327,-0.2604772746562958,0.10226419568061829
0.6159389019012451,-0.25980204343795776,0.0905919224023819
0.6169930100440979,-0.25899314880371094,0.07810041308403015
0.6176151633262634,-0.25802281498908997,0.06482815742492676
0.6177451014518738,-0.2568635940551758,0.05081617832183838
0.6173213720321655,-0.2554888427257538,0.03610938787460327
0.6162821054458618,-0.2538728713989258,0.02075633406639099
0.6145650744438171,-0.25199106335639954,0.00481078028678894
0.6121088266372681,-0.24982017278671265,-0.011668145656585693
0.6088534593582153,-0.2473384439945221,-0.02861461043357849
0.6047421097755432,-0.24452602863311768,-0.045955926179885864
0.5997217297554016,-0.24136501550674438,-0.06361211836338043
0.5937450528144836,-0.23784008622169495,-0.0814954936504364
0.5867719054222107,-0.23393836617469788,-0.09951123595237732
0.5787709951400757,-0.22965013980865479,-0.11755761504173279
0.5697206854820251,-0.2249690443277359,-0.13552699983119965
0.5596113204956055,-0.2198922038078308,-0.15330705046653748
0.5484455823898315,-0.21442078053951263,-0.170782208442688
0.5362398028373718,-0.2085600197315216,-0.18783551454544067
0.5230240821838379,-0.20231948792934418,-0.20435060560703278
0.5088428854942322,-0.1957131326198578,-0.22021368145942688
0.5049882531166077,-0.19396013021469116,-0.22416868805885315
0.504781186580658,-0.19396758079528809,-0.2241550087928772
0.5044282674789429,-0.1939803957939148,-0.22413140535354614
0.5039288401603699,-0.1939985305070877,-0.2240973711013794
0.5032837986946106,-0.19402216374874115,-0.22405236959457397
0.5024945735931396,-0.19405123591423035,-0.22399559617042542
0.5015637278556824,-0.19408585131168365,-0.22392630577087402
0.5004945993423462,-0.19412600994110107,-0.2238435447216034
0.4992915391921997,-0.19417177140712738,-0.22374635934829712
0.49795934557914734,-0.1942230463027954,-0.22363382577896118
0.49650388956069946,-0.19427993893623352,-0.22350487112998962
0.49493125081062317,-0.19434235990047455,-0.22335854172706604
0.4932486116886139,-0.1944102942943573,-0.2231939136981964
0.49146318435668945,-0.1944836974143982,-0.2230101227760315
0.48958298563957214,-0.19456252455711365,-0.22280645370483398
0.4876161813735962,-0.1946467012166977,-0.22258225083351135
0.4855712056159973,-0.19473609328269958,-0.22233706712722778
0.4834570586681366,-0.19483062624931335,-0.22207066416740417
0.4812825918197632,-0.19493013620376587,-0.22178295254707336
0.4790571630001068,-0.195034459233284,-0.2214740812778473
0.4767899513244629,-0.195143461227417,-0.22114449739456177
0.47449037432670593,-0.1952568143606186,-0.22079473733901978
0.4721679389476776,-0.19537431001663208,-0.22042575478553772
0.46983224153518677,-0.1954956352710724,-0.22003865242004395
0.4674927592277527,-0.19562040269374847,-0.21963486075401306
0.46515876054763794,-0.19574829936027527,-0.21921604871749878
0.4628399908542633,-0.195878803730011,-0.2187841236591339
0.46054548025131226,-0.19601145386695862,-0.21834120154380798
0.4582844376564026,-0.19614575803279877,-0.2178896963596344
0.4560655951499939,-0.1962810605764389,-0.21743199229240417
0.45389726758003235,-0.19641679525375366,-0.21697083115577698
0.45178714394569397,-0.19655238091945648,-0.2165088951587677
0.4497423768043518,-0.19668708741664886,-0.21604883670806885
0.44776901602745056,-0.19682028889656067,-0.21559327840805054
0.4458719491958618,-0.19695143401622772,-0.21514469385147095
0.44405514001846313,-0.19707995653152466,-0.21470525860786438
0.44232097268104553,-0.19720536470413208,-0.21427688002586365
0.44067052006721497,-0.19732733070850372,-0.2138611078262329
0.439103364944458,-0.19744545221328735,-0.2134590446949005
0.4376181364059448,-0.19755961000919342,-0.21307143568992615
0.43621212244033813,-0.19766968488693237,-0.21269866824150085
0.4348817765712738,-0.19777564704418182,-0.21234068274497986
0.43362295627593994,-0.19787758588790894,-0.21199733018875122
0.43243125081062317,-0.19797566533088684,-0.21166810393333435
0.43130216002464294,-0.19806994497776031,-0.2113524079322815
0.43023136258125305,-0.19816072285175323,-0.21104967594146729
0.4292149841785431,-0.1982480138540268,-0.21075931191444397
0.428249716758728,-0.1983320415019989,-0.21048086881637573
0.42733317613601685,-0.19841276109218597,-0.21021398901939392
0.42646339535713196,-0.19849030673503876,-0.20995855331420898
0.4256395697593689,-0.19856460392475128,-0.20971465110778809
0.42486143112182617,-0.19863547384738922,-0.20948252081871033
0.4241294860839844,-0.1987028270959854,-0.2092626392841339
0.423444926738739,-0.19876644015312195,-0.2090556025505066
0.42280930280685425,-0.19882601499557495,-0.20886224508285522
0.42222458124160767,-0.19888123869895935,-0.2086833417415619
0.4216930866241455,-0.19893185794353485,-0.20851987600326538
0.421217143535614,-0.1989775151014328,-0.20837286114692688
0.42079925537109375,-0.19901776313781738,-0.20824328064918518
0.4204418361186981,-0.19905240833759308,-0.20813202857971191
0.420147180557251,-0.19908109307289124,-0.2080400586128235
0.4199174642562866,-0.19910356402397156,-0.20796820521354675
0.4197547733783722,-0.19911950826644897,-0.2079172134399414
0.41966086626052856,-0.19912871718406677,-0.20788773894309998
0.41963744163513184,-0.19913099706172943,-0.20788037776947021
0.4319421052932739,-0.20775702595710754,-0.19655375182628632
0.4440915584564209,-0.2162018120288849,-0.18425390124320984
0.45578908920288086,-0.2242444008588791,-0.17124751210212708
0.46698808670043945,-0.23184117674827576,-0.15759435296058655
0.4776475727558136,-0.23895403742790222,-0.14336231350898743
0.48773249983787537,-0.24555060267448425,-0.12862616777420044
0.49721476435661316,-0.25160491466522217,-0.11346670985221863
0.5060732960700989,-0.2570979595184326,-0.09796951711177826
0.5142945051193237,-0.26201775670051575,-0.08222371339797974
0.5218726396560669,-0.2663595676422119,-0.06632086634635925
0.5288094282150269,-0.2701256573200226,-0.050353556871414185
0.5351142883300781,-0.2733250856399536,-0.03441435098648071
0.5408037304878235,-0.2759735882282257,-0.01859462261199951
0.5459015369415283,-0.2780928313732147,-0.0029834508895874023
0.5504376888275146,-0.27970990538597107,0.012333154678344727
0.5544480681419373,-0.2808568477630615,0.027273237705230713
0.5579735636711121,-0.28156957030296326,0.04175913333892822
0.5610595345497131,-0.28188735246658325,0.05571836233139038
0.563754677772522,-0.2818518280982971,0.06908383965492249
0.5661102533340454,-0.2815062999725342,0.08179360628128052
0.5681793093681335,-0.2808948755264282,0.09379145503044128
0.5700153112411499,-0.2800617218017578,0.10502666234970093
0.5716716647148132,-0.2790502607822418,0.11545321345329285
0.5732000470161438,-0.2779024541378021,0.12503036856651306
0.5746503472328186,-0.276658296585083,0.13372188806533813
0.5760688781738281,-0.27535516023635864,0.14149542152881622
0.5774978995323181,-0.2740272581577301,0.14832265675067902
0.5789748430252075,-0.2727052569389343,0.15417860448360443
0.5805312991142273,-0.27141597867012024,0.1590415984392166
0.5821923017501831,-0.2701820731163025,0.16289278864860535
0.5839762091636658,-0.2690216600894928,0.16571664810180664
0.5858937501907349,-0.26794835925102234,0.16750037670135498
0.5879482626914978,-0.2669711112976074,0.16823434829711914
0.5901352167129517,-0.2660941481590271,0.16791249811649323
0.5924427509307861,-0.26531708240509033,0.16653211414813995
0.5948519110679626,-0.2646351456642151,0.16409462690353394
0.5973368883132935,-0.2640390992164612,0.16060538589954376
0.5998661518096924,-0.2635160982608795,0.15607397258281708
0.6024028658866882,-0.2630494236946106,0.15051402151584625
0.6049056053161621,-0.2626193165779114,0.14394326508045197
0.6073290705680847,-0.26220348477363586,0.13638299703598022
0.6096251606941223,-0.26177749037742615,0.12785819172859192
0.6117428541183472,-0.2613152861595154,0.11839616298675537
0.6136291027069092,-0.2607896327972412,0.10802742838859558
0.6152288317680359,-0.2601727247238159,0.09678436815738678
0.6164851784706116,-0.2594364285469055,0.08470189571380615
0.6173398494720459,-0.2585527002811432,0.07181698083877563
0.6177330613136292,-0.2574937641620636,0.058169424533843994
0.6176036596298218,-0.2562325596809387,0.043802082538604736
0.6168898344039917,-0.254742830991745,0.028761565685272217
0.6155290007591248,-0.2529991567134857,0.013098925352096558
0.6134592294692993,-0.25097763538360596,-0.0031294524669647217
0.6106194257736206,-0.24865558743476868,-0.01986110210418701
0.6069507598876953,-0.2460121512413025,-0.037026792764663696
0.6023978590965271,-0.24302831292152405,-0.054550036787986755
0.5969101190567017,-0.23968730866909027,-0.07234691083431244
0.5904434323310852,-0.23597493767738342,-0.09032590687274933
0.5829616189002991,-0.23187987506389618,-0.10838833451271057
0.5744378566741943,-0.22739391028881073,-0.12642917037010193
0.5648562908172607,-0.222512349486351,-0.1443379670381546
0.5542131066322327,-0.21723435819149017,-0.1620001643896103
0.5425176620483398,-0.21156300604343414,-0.17929895222187042
0.5297932624816895,-0.20550580322742462,-0.19611696898937225
0.5160771012306213,-0.19907444715499878,-0.21233853697776794
0.5050358176231384,-0.1939583718776703,-0.22417181730270386
0.5049018263816833,-0.19396325945854187,-0.2241629958152771
0.5046221613883972,-0.1939733624458313,-0.22414442896842957
0.5041959285736084,-0.1939888298511505,-0.22411566972732544
0.5036232471466064,-0.1940097063779831,-0.22407621145248413
0.5029051899909973,-0.1940360963344574,-0.22402536869049072
0.5020438432693481,-0.19406798481941223,-0.22396233677864075
0.5010421872138977,-0.19410543143749237,-0.22388634085655212
0.4999040365219116,-0.19414842128753662,-0.22379636764526367
0.49863412976264954,-0.19419698417186737,-0.22369149327278137
0.4972376227378845,-0.1942511647939682,-0.22357067465782166
0.495720773935318,-0.19431085884571075,-0.22343292832374573
0.49409008026123047,-0.1943761557340622,-0.22327730059623718
0.4923529326915741,-0.19444695115089417,-0.2231028974056244
0.4905167520046234,-0.1945231556892395,-0.22290891408920288
0.4885898530483246,-0.1946048140525818,-0.22269466519355774
0.4865805506706238,-0.1946917027235031,-0.222459614276886
0.4844975769519806,-0.19478383660316467,-0.22220340371131897
0.48234984278678894,-0.19488102197647095,-0.22192588448524475
0.4801466464996338,-0.1949830800294876,-0.2216271162033081
0.47789710760116577,-0.1950899064540863,-0.22130730748176575
0.4756107032299042,-0.19520123302936554,-0.22096705436706543
0.4732968211174011,-0.19531679153442383,-0.22060707211494446
0.47096511721611023,-0.19543635845184326,-0.2202284038066864
0.4686250686645508,-0.195559561252594,-0.21983233094215393
0.46628618240356445,-0.19568608701229095,-0.21942037343978882
0.4639579653739929,-0.19581544399261475,-0.2189943492412567
0.46164971590042114,-0.19594717025756836,-0.21855628490447998
0.4593707025051117,-0.1960807740688324,-0.21810847520828247
0.4571298360824585,-0.19621574878692627,-0.2176533043384552
0.45493561029434204,-0.19635137915611267,-0.2171933948993683
0.45279616117477417,-0.19648709893226624,-0.21673142910003662
0.45071887969970703,-0.1966223269701004,-0.2162700593471527
0.44871026277542114,-0.19675633311271667,-0.21581199765205383
0.4467759132385254,-0.19688856601715088,-0.21535977721214294
0.44492006301879883,-0.19701838493347168,-0.2149156630039215
0.4431459307670593,-0.19714537262916565,-0.21448174118995667
0.4414551854133606,-0.19726905226707458,-0.2140597701072693
0.4398481249809265,-0.19738903641700745,-0.21365097165107727
0.4383237957954407,-0.19750510156154633,-0.2132563591003418
0.4368799328804016,-0.19761709868907928,-0.21287643909454346
0.43551355600357056,-0.1977250874042511,-0.2125113308429718
0.43422067165374756,-0.1978289783000946,-0.21216094493865967
0.4329970180988312,-0.19792892038822174,-0.2118249237537384
0.4318379759788513,-0.19802503287792206,-0.21150267124176025
0.43073925375938416,-0.19811752438545227,-0.21119368076324463
0.42969661951065063,-0.19820651412010193,-0.210897296667099
0.4287065863609314,-0.1982921063899994,-0.21061298251152039
0.4277663230895996,-0.19837448000907898,-0.21034041047096252
0.4268736243247986,-0.1984536349773407,-0.21007931232452393
0.42602717876434326,-0.19852951169013977,-0.2098296582698822
0.42522650957107544,-0.1986021250486374,-0.20959165692329407
0.42447173595428467,-0.19867125153541565,-0.20936566591262817
0.42376387119293213,-0.1987367421388626,-0.2091522216796875
0.42310410737991333,-0.1987983137369156,-0.20895206928253174
0.42249441146850586,-0.1988557130098343,-0.20876601338386536
0.4219369888305664,-0.19890859723091125,-0.20859497785568237
0.42143410444259644,-0.19895663857460022,-0.20843997597694397
0.42098820209503174,-0.1989995241165161,-0.20830193161964417
0.42060184478759766,-0.1990368813276291,-0.20818185806274414
0.42027726769447327,-0.19906841218471527,-0.20808067917823792
0.4200168251991272,-0.19909384846687317,-0.20799928903579712
0.4198226034641266,-0.19911286234855652,-0.20793846249580383
0.4196964502334595,-0.19912521541118622,-0.20789891481399536
0.4196402430534363,-0.19913071393966675,-0.20788127183914185
0.4262652099132538,-0.2037847340106964,-0.2019149363040924
0.43861517310142517,-0.21240513026714325,-0.18994323909282684
0.45053499937057495,-0.2206440269947052,-0.17723925411701202
0.461976021528244,-0.22845548391342163,-0.16385918855667114
0.4728942811489105,-0.23579871654510498,-0.1498674750328064
0.4832518994808197,-0.242638498544693,-0.13533610105514526
0.4930175542831421,-0.24894599616527557,-0.12034356594085693
0.5021669268608093,-0.2546989321708679,-0.10497358441352844
0.5106829404830933,-0.2598820924758911,-0.08931413292884827
0.5185562968254089,-0.26448750495910645,-0.0734560489654541
0.5257853269577026,-0.2685141861438751,-0.05749186873435974
0.5323761105537415,-0.2719683349132538,-0.041514575481414795
0.5383421182632446,-0.27486279606819153,-0.02561640739440918
0.5437039732933044,-0.27721670269966125,-0.009887754917144775
0.5484890341758728,-0.2790548801422119,0.005583614110946655
0.5527306795120239,-0.2804073393344879,0.02071365714073181
0.5564678311347961,-0.28130850195884705,0.035422563552856445
0.559744119644165,-0.28179627656936646,0.049635469913482666
0.562606930732727,-0.28191155195236206,0.0632825493812561
0.5651067495346069,-0.2816970646381378,0.07629945874214172
0.5672958493232727,-0.2811967730522156,0.08862748742103577
0.569227933883667,-0.280455082654953,0.10021331906318665
0.5709565877914429,-0.27951580286026,0.11100888252258301
0.5725345611572266,-0.27842187881469727,0.12097111344337463
0.574012815952301,-0.2772142291069031,0.1300618052482605
0.5754393339157104,-0.27593153715133667,0.13824687898159027
0.5768583416938782,-0.2746095657348633,0.14549630880355835
0.5783097147941589,-0.27328062057495117,0.15178370475769043
0.5798274278640747,-0.2719733417034149,0.15708604454994202
0.5814398527145386,-0.2707121968269348,0.16138318181037903
0.5831682682037354,-0.26951733231544495,0.16465821862220764
0.5850266814231873,-0.26840442419052124,0.16689717769622803
0.5870217084884644,-0.26738443970680237,0.16808906197547913
0.5891523361206055,-0.26646360754966736,0.1682262271642685
0.5914099216461182,-0.2656435966491699,0.1673046052455902
0.5937783718109131,-0.2649214267730713,0.16532373428344727
0.5962348580360413,-0.2642897963523865,0.16228725016117096
0.5987502336502075,-0.263737291097641,0.15820303559303284
0.6012897491455078,-0.2632488012313843,0.15308280289173126
0.6038138270378113,-0.2628057599067688,0.14694270491600037
0.6062787771224976,-0.2623869776725769,0.139802485704422
0.6086376309394836,-0.261968731880188,0.13168549537658691
0.610840380191803,-0.26152557134628296,0.12261812388896942
0.6128346920013428,-0.2610307037830353,0.11262957751750946
0.6145663261413574,-0.2604564428329468,0.10175120830535889
0.6159789562225342,-0.25977468490600586,0.09001705050468445
0.6170148849487305,-0.25895729660987854,0.0774630606174469
0.6176146864891052,-0.2579762637615204,0.0641278624534607
0.6177175641059875,-0.25680410861968994,0.0500529408454895
0.6172618865966797,-0.255414217710495,0.03528320789337158
0.6161850690841675,-0.25378066301345825,0.019867748022079468
0.6144247055053711,-0.25187888741493225,0.0038607418537139893
0.6119189262390137,-0.24968555569648743,-0.012677878141403198
0.6086077094078064,-0.24717891216278076,-0.029681771993637085
0.6044338941574097,-0.24433916807174683,-0.047077447175979614
0.5993444919586182,-0.2411484569311142,-0.06478384137153625
0.593292236328125,-0.2375914752483368,-0.08271236717700958
0.5862374901771545,-0.23365557193756104,-0.10076719522476196
0.5781490802764893,-0.2293311059474945,-0.11884552240371704
0.5690062046051025,-0.22461199760437012,-0.13683876395225525
0.5588000416755676,-0.21949563920497894,-0.15463364124298096
0.5475342869758606,-0.21398356556892395,-0.17211367189884186
0.5352262258529663,-0.20808127522468567,-0.1891612410545349
0.5219074487686157,-0.20179882645606995,-0.2056593894958496
0.5076238512992859,-0.19515053927898407,-0.22149404883384705
0.5049739480018616,-0.19396060705184937,-0.22416773438453674
0.5047552585601807,-0.1939685344696045,-0.2241532802581787
0.5043898820877075,-0.1939818263053894,-0.2241288125514984
0.503877580165863,-0.19400042295455933,-0.22409385442733765
0.5032191872596741,-0.19402454793453217,-0.22404778003692627
0.5024163126945496,-0.19405415654182434,-0.22398987412452698
0.5014715194702148,-0.19408933818340302,-0.22391927242279053
0.5003883838653564,-0.1941300630569458,-0.22383514046669006
0.4991712272167206,-0.19417637586593628,-0.22373643517494202
0.49782508611679077,-0.19422826170921326,-0.22362220287322998
0.496355801820755,-0.19428575038909912,-0.22349140048027039
0.49476978182792664,-0.19434881210327148,-0.2233431041240692
0.4930742084980011,-0.19441741704940796,-0.22317638993263245
0.49127626419067383,-0.194491446018219,-0.22299033403396606
0.489384263753891,-0.19457094371318817,-0.22278431057929993
0.4874061942100525,-0.19465577602386475,-0.22255760431289673
0.4853508174419403,-0.19474586844444275,-0.2223098874092102
0.4832271337509155,-0.19484104216098785,-0.22204089164733887
0.48104411363601685,-0.1949411928653717,-0.22175052762031555
0.47881099581718445,-0.19504618644714355,-0.22143903374671936
0.4765373170375824,-0.1951557695865631,-0.22110679745674133
0.47423234581947327,-0.19526970386505127,-0.2207545042037964
0.4719057083129883,-0.19538776576519012,-0.22038307785987854
0.4695669412612915,-0.19550958275794983,-0.21999365091323853
0.467225581407547,-0.1956348717212677,-0.21958774328231812
0.4648911952972412,-0.19576317071914673,-0.21916702389717102
0.46257317066192627,-0.1958940476179123,-0.21873342990875244
0.4602808356285095,-0.1960270255804062,-0.21828913688659668
0.4580231308937073,-0.19616150856018066,-0.21783652901649475
0.4558089077472687,-0.19629696011543274,-0.21737810969352722
0.45364630222320557,-0.19643275439739227,-0.21691659092903137
0.4515431225299835,-0.19656823575496674,-0.2164546251296997
0.44950616359710693,-0.19670283794403076,-0.2159949243068695
0.44754135608673096,-0.19683587551116943,-0.21554002165794373
0.44565367698669434,-0.196966752409935,-0.21509239077568054
0.44384655356407166,-0.1970949023962021,-0.21465420722961426
0.44212228059768677,-0.19721996784210205,-0.21422725915908813
0.4404817521572113,-0.1973414123058319,-0.21381306648254395
0.43892449140548706,-0.1974591165781021,-0.21341270208358765
0.43744874000549316,-0.1975727677345276,-0.21302682161331177
0.4360516667366028,-0.19768235087394714,-0.21265575289726257
0.434729665517807,-0.19778785109519958,-0.21229946613311768
0.43347859382629395,-0.19788941740989685,-0.2119576632976532
0.43229392170906067,-0.19798704981803894,-0.21162986755371094
0.43117111921310425,-0.19808098673820496,-0.21131554245948792
0.4301060438156128,-0.1981714367866516,-0.2110140323638916
0.4290948510169983,-0.1982584297657013,-0.2107248306274414
0.4281345009803772,-0.19834214448928833,-0.21044743061065674
0.42722243070602417,-0.1984225958585739,-0.2101815938949585
0.42635712027549744,-0.19849984347820282,-0.20992720127105713
0.42553767561912537,-0.19857379794120789,-0.2096843719482422
0.42476406693458557,-0.19864441454410553,-0.20945337414741516
0.4240368902683258,-0.19871139526367188,-0.20923471450805664
0.42335742712020874,-0.19877463579177856,-0.20902904868125916
0.4227273166179657,-0.19883370399475098,-0.20883721113204956
0.4221486449241638,-0.19888846576213837,-0.2086600363254547
0.42162370681762695,-0.1989384889602661,-0.2084985077381134
0.4211549758911133,-0.19898344576358795,-0.20835360884666443
0.4207448959350586,-0.1990230679512024,-0.20822635293006897
0.42039579153060913,-0.19905689358711243,-0.20811766386032104
0.42011016607284546,-0.19908472895622253,-0.20802849531173706
0.41988998651504517,-0.19910629093647003,-0.20795956254005432
0.41973739862442017,-0.19912120699882507,-0.20791175961494446
0.41965413093566895,-0.19912932813167572,-0.20788562297821045
0.42149537801742554,-0.20043617486953735,-0.2062406837940216
0.4340033531188965,-0.20919457077980042,-0.1945493519306183
0.44610026478767395,-0.21758922934532166,-0.18210585415363312
0.45773524045944214,-0.2255725860595703,-0.16896308958530426
0.4688625633716583,-0.2331017255783081,-0.15518265962600708
0.47944191098213196,-0.2401391565799713,-0.1408340334892273
0.4894392192363739,-0.24665357172489166,-0.12599357962608337
0.4988274574279785,-0.25262004137039185,-0.11074331402778625
0.5075869560241699,-0.2580207884311676,-0.0951700359582901
0.5157053470611572,-0.2628450393676758,-0.07936377823352814
0.5231781601905823,-0.2670893371105194,-0.06341689825057983
0.5300086736679077,-0.27075713872909546,-0.04742240905761719
0.5362075567245483,-0.2738589644432068,-0.03147321939468384
0.5417930483818054,-0.27641168236732483,-0.015660732984542847
0.5467900037765503,-0.27843812108039856,-7.393956184387207e-05
0.5512297749519348,-0.27996665239334106,0.015201538801193237
0.5551494359970093,-0.28103017807006836,0.030084043741226196
0.5585910677909851,-0.2816654145717621,0.04449671506881714
0.5616007447242737,-0.2819124162197113,0.058367758989334106
0.5642281770706177,-0.28181344270706177,0.07163074612617493
0.5665251612663269,-0.28141218423843384,0.08422476053237915
0.5685451626777649,-0.2807530164718628,0.09609442949295044
0.5703418254852295,-0.27988022565841675,0.10718989372253418
0.5719686150550842,-0.27883708477020264,0.1174660325050354
0.5734772086143494,-0.27766555547714233,0.12688304483890533
0.5749168395996094,-0.2764051854610443,0.1354053020477295
0.5763334631919861,-0.27509286999702454,0.14300136268138885
0.5777684450149536,-0.27376240491867065,0.14964355528354645
0.5792583227157593,-0.2724437117576599,0.1553075909614563
0.5808334350585938,-0.27116289734840393,0.15997256338596344
0.5825177431106567,-0.26994168758392334,0.16362009942531586
0.5843279361724854,-0.26879745721817017,0.16623543202877045
0.5862735509872437,-0.2677428126335144,0.16780641674995422
0.588356077671051,-0.26678574085235596,0.16832415759563446
0.5905697345733643,-0.26592957973480225,0.16778334975242615
0.5929009914398193,-0.2651728689670563,0.16618214547634125
0.5953295230865479,-0.264509916305542,0.16352280974388123
0.5978281497955322,-0.26393070816993713,0.1598115712404251
0.6003642082214355,-0.2634214162826538,0.15505892038345337
0.6028996706008911,-0.26296448707580566,0.14927926659584045
0.6053921580314636,-0.2625397741794586,0.1424911916255951
0.6077959537506104,-0.26212427020072937,0.13471674919128418
0.6100616455078125,-0.2616930603981018,0.1259811967611313
0.6121379733085632,-0.26121968030929565,0.11631284654140472
0.6139710545539856,-0.2606767416000366,0.10574227571487427
0.6155052185058594,-0.2600362300872803,0.09430257976055145
0.6166831254959106,-0.2592698633670807,0.08202892541885376
0.6174458265304565,-0.25834953784942627,0.06895902752876282
0.6177328824996948,-0.25724753737449646,0.05513319373130798
0.6174827218055725,-0.255936861038208,0.040595293045043945
0.616632878780365,-0.25439122319221497,0.025392770767211914
0.6151207089424133,-0.2525855600833893,0.00957798957824707
0.612883985042572,-0.2504960298538208,-0.006791174411773682
0.6098616123199463,-0.24810020625591278,-0.02365046739578247
0.605995237827301,-0.2453775852918625,-0.04092890024185181
0.6012299060821533,-0.24230949580669403,-0.058547958731651306
0.5955163836479187,-0.2388797253370285,-0.07642148435115814
0.5888118743896484,-0.23507460951805115,-0.09445592761039734
0.5810819864273071,-0.23088346421718597,-0.11255057156085968
0.5723022222518921,-0.22629879415035248,-0.13059858977794647
0.5624593496322632,-0.2213168442249298,-0.14848774671554565
0.5515525341033936,-0.21593761444091797,-0.16610242426395416
0.5395943522453308,-0.21016532182693481,-0.18332479894161224
0.5266117453575134,-0.20400838553905487,-0.20003728568553925
0.5126453638076782,-0.19747968018054962,-0.21612423658370972
0.5050144791603088,-0.19395917654037476,-0.22417041659355164
0.5048460960388184,-0.19396527111530304,-0.22415930032730103
0.50453120470047,-0.19397667050361633,-0.2241383194923401
0.5040692687034607,-0.1939934343099594,-0.224107027053833
0.5034605860710144,-0.19401566684246063,-0.22406482696533203
0.5027065277099609,-0.19404344260692596,-0.22401103377342224
0.5018094778060913,-0.19407670199871063,-0.22394484281539917
0.5007724761962891,-0.1941155642271042,-0.2238653600215912
0.4995998740196228,-0.19416001439094543,-0.22377169132232666
0.49829626083374023,-0.194210022687912,-0.22366279363632202
0.4968673586845398,-0.19426564872264862,-0.2235376536846161
0.49531930685043335,-0.19432684779167175,-0.22339534759521484
0.4936591684818268,-0.19439361989498138,-0.22323483228683472
0.49189403653144836,-0.19446587562561035,-0.22305533289909363
0.4900318384170532,-0.19454355537891388,-0.22285601496696472
0.4880809485912323,-0.19462665915489197,-0.22263625264167786
0.486049622297287,-0.1947149932384491,-0.22239550948143005
0.4839469790458679,-0.1948084980249405,-0.2221335470676422
0.4817819595336914,-0.1949070692062378,-0.22185024619102478
0.47956371307373047,-0.19501051306724548,-0.22154566645622253
0.477301687002182,-0.19511863589286804,-0.2212201952934265
0.47500523924827576,-0.19523116946220398,-0.22087439894676208
0.4726840555667877,-0.19534793496131897,-0.2205091118812561
0.4703475832939148,-0.19546857476234436,-0.22012543678283691
0.4680054783821106,-0.19559279084205627,-0.21972471475601196
0.46566715836524963,-0.19572016596794128,-0.21930861473083496
0.4633420705795288,-0.19585026800632477,-0.21887901425361633
0.46103978157043457,-0.19598257541656494,-0.21843793988227844
0.45876920223236084,-0.19611668586730957,-0.21798774600028992
0.4565392732620239,-0.19625189900398254,-0.21753093600273132
0.45435845851898193,-0.1963876187801361,-0.2170701026916504
0.4522346258163452,-0.19652336835861206,-0.216607928276062
0.45017486810684204,-0.19665829837322235,-0.21614715456962585
0.4481855034828186,-0.19679191708564758,-0.21569040417671204
0.446271687746048,-0.19692355394363403,-0.21524012088775635
0.44443753361701965,-0.19705268740653992,-0.21479853987693787
0.442685604095459,-0.19717879593372345,-0.21436768770217896
0.4410172700881958,-0.1973014622926712,-0.21394911408424377
0.43943244218826294,-0.19742046296596527,-0.21354404091835022
0.43792977929115295,-0.1975354701280594,-0.21315330266952515
0.43650680780410767,-0.19764640927314758,-0.2127772569656372
0.43516016006469727,-0.19775329530239105,-0.21241602301597595
0.43388575315475464,-0.19785620272159576,-0.21206939220428467
0.4326791763305664,-0.19795513153076172,-0.21173694729804993
0.4315360188484192,-0.19805030524730682,-0.21141812205314636
0.4304518699645996,-0.1981419026851654,-0.21111229062080383
0.4294227361679077,-0.1982300728559494,-0.21081891655921936
0.42844536900520325,-0.19831490516662598,-0.21053752303123474
0.4275170862674713,-0.1983965039253235,-0.21026772260665894
0.42663589119911194,-0.19847482442855835,-0.2100093960762024
0.4258009195327759,-0.19854997098445892,-0.2097625732421875
0.42501166462898254,-0.1986217498779297,-0.20952749252319336
0.4242686927318573,-0.19868996739387512,-0.2093045711517334
0.42357298731803894,-0.19875448942184448,-0.20909443497657776
0.422926127910614,-0.1988150179386139,-0.20889785885810852
0.4223301112651825,-0.19887125492095947,-0.20871567726135254
0.42178717255592346,-0.19892291724681854,-0.2085488736629486
0.4212997555732727,-0.1989695429801941,-0.20839843153953552
0.42087024450302124,-0.1990109533071518,-0.2082653045654297
0.42050108313560486,-0.19904670119285583,-0.20815050601959229
0.42019468545913696,-0.19907647371292114,-0.20805490016937256
0.4199533462524414,-0.1991000771522522,-0.20797941088676453
0.419778972864151,-0.19911712408065796,-0.20792478322982788
0.41967347264289856,-0.1991274654865265,-0.20789170265197754
0.41963860392570496,-0.19913090765476227,-0.20788076519966125
0.43014201521873474,-0.20649796724319458,-0.19828099012374878
0.44238001108169556,-0.21501657366752625,-0.18605919182300568
0.45417091250419617,-0.22313769161701202,-0.17311985790729523
0.46546703577041626,-0.23081684112548828,-0.159522145986557
0.4762263596057892,-0.23801469802856445,-0.14533333480358124
0.48641273379325867,-0.24469786882400513,-0.13062778115272522
0.49599689245224,-0.2508394122123718,-0.11548611521720886
0.5049567222595215,-0.2564193308353424,-0.0999940037727356
0.5132777690887451,-0.2614246606826782,-0.08424066007137299
0.5209529399871826,-0.2658495306968689,-0.06831806898117065
0.5279831886291504,-0.2696954607963562,-0.052319347858428955
0.5343769192695618,-0.27297085523605347,-0.03633773326873779
0.5401502847671509,-0.2756907343864441,-0.020465224981307983
0.5453261137008667,-0.27787619829177856,-0.004791945219039917
0.549933910369873,-0.27955400943756104,0.01059529185295105
0.5540091395378113,-0.280755877494812,0.025613456964492798
0.557592511177063,-0.28151747584342957,0.04018405079841614
0.5607290863990784,-0.2818780243396759,0.0542336106300354
0.5634675621986389,-0.2818792462348938,0.06769394874572754
0.5658594965934753,-0.2815646529197693,0.08050251007080078
0.5679577589035034,-0.2809784412384033,0.09260201454162598
0.5698162913322449,-0.28016504645347595,0.10394105315208435
0.5714887976646423,-0.27916836738586426,0.11447298526763916
0.5730275511741638,-0.27803075313568115,0.12415654957294464
0.5744826793670654,-0.27679258584976196,0.13295474648475647
0.5759015083312988,-0.27549177408218384,0.1408349871635437
0.5773267149925232,-0.27416300773620605,0.14776848256587982
0.5787964463233948,-0.2728375196456909,0.15372999012470245
0.5803431272506714,-0.27154257893562317,0.15869750082492828
0.5819925665855408,-0.27030131220817566,0.1626521348953247
0.5837637782096863,-0.2691323757171631,0.16557788848876953
0.5856684446334839,-0.26804983615875244,0.1674618422985077
0.5877106189727783,-0.26706308126449585,0.16829416155815125
0.5898864269256592,-0.2661767303943634,0.16806849837303162
0.592184841632843,-0.26539087295532227,0.1667819619178772
0.5945873260498047,-0.2647009491920471,0.1644355058670044
0.5970689654350281,-0.264098197221756,0.16103427112102509
0.5995983481407166,-0.2635698616504669,0.15658730268478394
0.6021389961242676,-0.26309946179389954,0.1511080116033554
0.6046497821807861,-0.2626675069332123,0.1446138173341751
0.6070857644081116,-0.26225176453590393,0.13712546229362488
0.6093987226486206,-0.2618277966976166,0.12866763770580292
0.6115375757217407,-0.2613695561885834,0.11926750838756561
0.6134490966796875,-0.2608497738838196,0.10895510017871857
0.615078330039978,-0.2602406144142151,0.09776268899440765
0.6163681745529175,-0.2595137357711792,0.08572492003440857
0.6172598600387573,-0.25864100456237793,0.0728786289691925
0.6176934242248535,-0.2575944662094116,0.0592634379863739
0.6176074743270874,-0.25634679198265076,0.044922053813934326
0.6169396638870239,-0.25487154722213745,0.029900848865509033
0.615627110004425,-0.2531431317329407,0.014250785112380981
0.6136072874069214,-0.251137375831604,-0.0019718408584594727
0.6108185052871704,-0.24883133172988892,-0.018704742193222046
0.6072014570236206,-0.24620386958122253,-0.0358787477016449
0.6026999950408936,-0.2432357668876648,-0.05341733992099762
0.5972627997398376,-0.2399100512266159,-0.0712365210056305
0.5908451080322266,-0.23621220886707306,-0.08924469351768494
0.5834097862243652,-0.23213064670562744,-0.10734295845031738
0.5749292969703674,-0.22765694558620453,-0.12542589008808136
0.5653870701789856,-0.22278623282909393,-0.14338254928588867
0.5547786951065063,-0.21751737594604492,-0.16109780967235565
0.5431126356124878,-0.21185341477394104,-0.17845419049263
0.5304118394851685,-0.20580153167247772,-0.19533351063728333
0.5167132019996643,-0.19937342405319214,-0.21161922812461853
0.5050348043441772,-0.19395843148231506,-0.22417175769805908
0.50490802526474,-0.19396305084228516,-0.22416341304779053
0.5046348571777344,-0.19397291541099548,-0.22414526343345642
0.5042145848274231,-0.1939881294965744,-0.2241169512271881
0.5036472082138062,-0.19400885701179504,-0.22407788038253784
0.5029338598251343,-0.19403503835201263,-0.22402742505073547
0.5020765066146851,-0.19406676292419434,-0.22396478056907654
0.5010781288146973,-0.19410406053066254,-0.22388911247253418
0.49994271993637085,-0.19414693117141724,-0.22379949688911438
0.49867480993270874,-0.19419541954994202,-0.22369492053985596
0.4972798526287079,-0.19424951076507568,-0.22357439994812012
0.4957639276981354,-0.19430918991565704,-0.22343692183494568
0.4941336214542389,-0.19437439739704132,-0.22328156232833862
0.4923963248729706,-0.19444513320922852,-0.22310736775398254
0.4905596971511841,-0.19452135264873505,-0.22291356325149536
0.4886319041252136,-0.19460299611091614,-0.22269943356513977
0.4866213798522949,-0.19468992948532104,-0.22246450185775757
0.48453694581985474,-0.1947820633649826,-0.22220838069915771
0.4823874831199646,-0.19487929344177246,-0.2219308614730835
0.48018231987953186,-0.1949813961982727,-0.22163206338882446
0.47793081402778625,-0.19508826732635498,-0.2213122546672821
0.4756423234939575,-0.19519966840744019,-0.22097188234329224
0.4733264744281769,-0.19531531631946564,-0.2206117808818817
0.47099268436431885,-0.19543495774269104,-0.22023296356201172
0.4686506688594818,-0.19555823504924774,-0.2198367416858673
0.46630990505218506,-0.19568480551242828,-0.21942460536956787
0.4639798402786255,-0.19581422209739685,-0.21899843215942383
0.46167007088661194,-0.19594600796699524,-0.21856021881103516
0.4593895971775055,-0.19607967138290405,-0.21811223030090332
0.457147479057312,-0.19621464610099792,-0.2176569402217865
0.4549521803855896,-0.19635029137134552,-0.21719691157341003
0.4528118669986725,-0.19648611545562744,-0.2167348563671112
0.4507337510585785,-0.1966213583946228,-0.21627339720726013
0.4487244784832001,-0.19675537943840027,-0.21581527590751648
0.4467894732952118,-0.19688764214515686,-0.21536296606063843
0.44493308663368225,-0.19701750576496124,-0.2149188220500946
0.4431583881378174,-0.1971444934606552,-0.21448484063148499
0.4414671063423157,-0.19726815819740295,-0.21406278014183044
0.4398595094680786,-0.1973881721496582,-0.21365392208099365
0.43833470344543457,-0.19750428199768066,-0.21325922012329102
0.43689045310020447,-0.197616308927536,-0.2128792107105255
0.4355236887931824,-0.19772425293922424,-0.21251404285430908
0.43423038721084595,-0.19782818853855133,-0.21216359734535217
0.4330064058303833,-0.19792814552783966,-0.21182751655578613
0.43184715509414673,-0.19802427291870117,-0.2115052342414856
0.4307481646537781,-0.19811679422855377,-0.21119621396064758
0.4297054409980774,-0.19820573925971985,-0.21089980006217957
0.42871540784835815,-0.1982913464307785,-0.21061551570892334
0.4277750551700592,-0.19837374985218048,-0.21034294366836548
0.4268822968006134,-0.19845283031463623,-0.21008187532424927
0.42603588104248047,-0.19852876663208008,-0.20983222126960754
0.4252350926399231,-0.1986013501882553,-0.2095942199230194
0.42448022961616516,-0.19867047667503357,-0.20936819911003113
0.4237721562385559,-0.19873599708080292,-0.20915472507476807
0.42311209440231323,-0.1987975835800171,-0.20895448327064514
0.4225020408630371,-0.19885501265525818,-0.20876836776733398
0.42194414138793945,-0.19890792667865753,-0.20859718322753906
0.4214406907558441,-0.19895601272583008,-0.20844200253486633
0.4209941029548645,-0.19899894297122955,-0.20830374956130981
0.42060697078704834,-0.1990364044904709,-0.20818346738815308
0.4202815294265747,-0.19906803965568542,-0.20808202028274536
0.42002010345458984,-0.1990935206413269,-0.2080003023147583
0.4198249280452728,-0.1991126835346222,-0.20793920755386353
0.41969776153564453,-0.19912511110305786,-0.2078993320465088
0.41964054107666016,-0.19913071393966675,-0.207881361246109
0.42609891295433044,-0.20366817712783813,-0.20206837356090546
0.4384629726409912,-0.21229952573776245,-0.19009768962860107
0.4503980278968811,-0.2205500304698944,-0.17739184200763702
0.46185481548309326,-0.2283737063407898,-0.16400682926177979
0.47278928756713867,-0.23572938144207,-0.15000705420970917
0.4831632375717163,-0.2425815910100937,-0.13546442985534668
0.49294501543045044,-0.2489011436700821,-0.12045739591121674
0.5021100044250488,-0.2546656131744385,-0.1050698459148407
0.5106408596038818,-0.25985947251319885,-0.08938981592655182
0.5185279846191406,-0.264474481344223,-0.0735083520412445
0.5257695913314819,-0.2685096263885498,-0.05751827359199524
0.532371461391449,-0.2719707787036896,-0.041512757539749146
0.538347065448761,-0.27487078309059143,-0.02558434009552002
0.5437167882919312,-0.27722862362861633,-0.009823888540267944
0.5485079288482666,-0.27906912565231323,0.005680590867996216
0.5527540445327759,-0.2804223597049713,0.02084466814994812
0.556493878364563,-0.281322717666626,0.035588204860687256
0.5597712397575378,-0.2818082571029663,0.04983589053153992
0.5626335740089417,-0.281919926404953,0.06351765990257263
0.565131664276123,-0.28170067071914673,0.07656887173652649
0.5673178434371948,-0.28119465708732605,0.08893051743507385
0.5692461729049683,-0.28044643998146057,0.10054898262023926
0.5709702372550964,-0.2795000374317169,0.11137598752975464
0.5725430846214294,-0.2783986032009125,0.12136843800544739
0.5740159749984741,-0.27718329429626465,0.13048771023750305
0.5754370093345642,-0.27589309215545654,0.13869966566562653
0.5768507122993469,-0.2745637893676758,0.14597436785697937
0.5782970190048218,-0.27322807908058167,0.1522851437330246
0.5798103213310242,-0.2719147205352783,0.15760895609855652
0.5814187526702881,-0.270648330450058,0.16192595660686493
0.5831435918807983,-0.26944923400878906,0.16521894931793213
0.5849993228912354,-0.26833316683769226,0.16747424006462097
0.5869922637939453,-0.2673112154006958,0.16868087649345398
0.5891212224960327,-0.26638972759246826,0.16883152723312378
0.5913795828819275,-0.265571266412735,0.16791003942489624
0.5937508344650269,-0.2648528218269348,0.16591717302799225
0.5962117910385132,-0.2642267048358917,0.1628575623035431
0.5987328290939331,-0.2636811137199402,0.1587400734424591
0.6012786626815796,-0.2632005214691162,0.15357792377471924
0.6038094162940979,-0.26276588439941406,0.1473880261182785
0.6062808632850647,-0.2623554766178131,0.14019128680229187
0.6086454391479492,-0.2619451582431793,0.13201184570789337
0.6108528971672058,-0.2615089416503906,0.122876837849617
0.6128502488136292,-0.26101964712142944,0.11281612515449524
0.6145827770233154,-0.26044920086860657,0.10186155140399933
0.6159936785697937,-0.25976917147636414,0.09004735946655273
0.6170246005058289,-0.25895100831985474,0.07740983366966248
0.6176154017448425,-0.2579664885997772,0.0639878511428833
0.6177046895027161,-0.25678786635398865,0.04982295632362366
0.6172298192977905,-0.25538817048072815,0.034960389137268066
0.6161274909973145,-0.25374138355255127,0.019449591636657715
0.6143344044685364,-0.2518225610256195,0.0033451318740844727
0.6117877960205078,-0.24960832297801971,-0.013292461633682251
0.6084268093109131,-0.24707671999931335,-0.030395925045013428
0.604193389415741,-0.24420775473117828,-0.04789072275161743
0.5990340113639832,-0.24098357558250427,-0.06569477915763855
0.5929009914398193,-0.2373887300491333,-0.08371797204017639
0.5857542753219604,-0.23341067135334015,-0.1018628478050232
0.5775627493858337,-0.22903983294963837,-0.12002497911453247
0.568306028842926,-0.2242702692747116,-0.13809385895729065
0.5579758882522583,-0.21909964084625244,-0.15595445036888123
0.5465767979621887,-0.2135297954082489,-0.17348843812942505
0.5341275930404663,-0.20756679773330688,-0.1905764937400818
0.5206613540649414,-0.2012210488319397,-0.20710012316703796
0.5062258243560791,-0.1945076584815979,-0.2229439616203308
0.504953920841217,-0.19396138191223145,-0.22416642308235168
0.5047218799591064,-0.1939697414636612,-0.22415107488632202
0.5043419003486633,-0.1939835399389267,-0.22412559390068054
0.5038136839866638,-0.19400276243686676,-0.22408944368362427
0.5031379461288452,-0.19402752816677094,-0.22404199838638306
0.5023167133331299,-0.19405780732631683,-0.2239825427532196
0.5013526082038879,-0.19409377872943878,-0.22391021251678467
0.5002495050430298,-0.19413530826568604,-0.22382408380508423
0.499011754989624,-0.19418248534202576,-0.2237231731414795
0.49764466285705566,-0.19423529505729675,-0.22360649704933167
0.4961543083190918,-0.19429370760917664,-0.2234729826450348
0.4945472478866577,-0.194357767701149,-0.22332170605659485
0.4928306043148041,-0.19442737102508545,-0.22315174341201782
0.4910123646259308,-0.19450245797634125,-0.22296223044395447
0.4891003966331482,-0.1945830136537552,-0.22275248169898987
0.48710328340530396,-0.19466890394687653,-0.22252190113067627
0.485029935836792,-0.19476008415222168,-0.22227010130882263
0.4828892946243286,-0.19485637545585632,-0.22199687361717224
0.48069071769714355,-0.19495761394500732,-0.2217022180557251
0.4784435033798218,-0.19506371021270752,-0.2213863730430603
0.4761572778224945,-0.19517436623573303,-0.22104978561401367
0.4738416373729706,-0.19528931379318237,-0.22069323062896729
0.4715062379837036,-0.19540837407112122,-0.22031769156455994
0.46916067600250244,-0.19553107023239136,-0.21992439031600952
0.46681472659111023,-0.19565719366073608,-0.2195148468017578
0.46447789669036865,-0.195786252617836,-0.21909084916114807
0.4621596932411194,-0.1959177553653717,-0.21865442395210266
0.45986929535865784,-0.19605126976966858,-0.21820774674415588
0.4576158821582794,-0.19618618488311768,-0.21775329113006592
0.45540812611579895,-0.19632184505462646,-0.2172936201095581
0.4532541036605835,-0.19645775854587555,-0.21683141589164734
0.4511614143848419,-0.19659321010112762,-0.2163694202899933
0.4491366744041443,-0.19672763347625732,-0.2159101963043213
0.44718557596206665,-0.19686029851436615,-0.21545642614364624
0.4453125596046448,-0.1969906985759735,-0.215010404586792
0.4435209631919861,-0.19711828231811523,-0.21457424759864807
0.4418126046657562,-0.19724267721176147,-0.21414965391159058
0.4401880204677582,-0.19736343622207642,-0.2137380838394165
0.4386463463306427,-0.19748032093048096,-0.21334043145179749
0.4371855556964874,-0.19759324193000793,-0.21295735239982605
0.4358025789260864,-0.1977020800113678,-0.21258899569511414
0.4344935715198517,-0.1978069394826889,-0.21223530173301697
0.4332542419433594,-0.19790779054164886,-0.2118959128856659
0.4320801794528961,-0.198004812002182,-0.21157032251358032
0.430966854095459,-0.19809825718402863,-0.2112579643726349
0.42991018295288086,-0.1981882005929947,-0.21095824241638184
0.42890647053718567,-0.19827479124069214,-0.2106706202030182
0.4279528856277466,-0.19835808873176575,-0.21039468050003052
0.42704716324806213,-0.1984381526708603,-0.2101302444934845
0.42618799209594727,-0.19851504266262054,-0.20987722277641296
0.42537468671798706,-0.19858863949775696,-0.20963582396507263
0.424607515335083,-0.1986587941646576,-0.20940643548965454
0.42388731241226196,-0.19872528314590454,-0.20918956398963928
0.42321544885635376,-0.1987878829240799,-0.20898592472076416
0.42259377241134644,-0.19884631037712097,-0.2087964117527008
0.42202457785606384,-0.1989002823829651,-0.20862191915512085
0.4215102195739746,-0.19894938170909882,-0.20846346020698547
0.42105311155319214,-0.1989932805299759,-0.20832207798957825
0.4206559658050537,-0.19903168082237244,-0.2081986963748932
0.42032095789909363,-0.1990641951560974,-0.20809432864189148
0.42005059123039246,-0.19909051060676575,-0.20800983905792236
0.41984695196151733,-0.1991104781627655,-0.20794609189033508
0.41971203684806824,-0.19912369549274445,-0.20790380239486694
0.41964757442474365,-0.19913002848625183,-0.20788359642028809
0.4252457022666931,-0.20306682586669922,-0.20285740494728088
0.4376876950263977,-0.2117585837841034,-0.19088563323020935
0.4496990442276001,-0.22006861865520477,-0.17817068099975586
0.46122974157333374,-0.22795012593269348,-0.16476888954639435
0.4722350537776947,-0.2353612184524536,-0.1507452428340912
0.48267605900764465,-0.24226589500904083,-0.13617238402366638
0.49252068996429443,-0.24863451719284058,-0.12112951278686523
0.5017436742782593,-0.25444409251213074,-0.10570144653320312
0.5103275775909424,-0.2596789598464966,-0.0899772197008133
0.5182625651359558,-0.26433050632476807,-0.07404892146587372
0.5255467295646667,-0.26839783787727356,-0.058010250329971313
0.5321859121322632,-0.2718868553638458,-0.04195556044578552
0.5381936430931091,-0.27481043338775635,-0.025978416204452515
0.5435906648635864,-0.2771878242492676,-0.010170459747314453
0.5484045743942261,-0.2790442109107971,0.005379319190979004
0.5526691675186157,-0.28040993213653564,0.0205858051776886
0.5564238429069519,-0.28131991624832153,0.03536796569824219
0.5597127079963684,-0.28181248903274536,0.0496501624584198
0.562583863735199,-0.28192922472953796,0.06336164474487305
0.5650883913040161,-0.2817133665084839,0.07643747329711914
0.5672793984413147,-0.2812095880508423,0.08881828188896179
0.5692111253738403,-0.2804628014564514,0.10045021772384644
0.5709378123283386,-0.27951741218566895,0.111285001039505
0.5725128650665283,-0.27841681241989136,0.1212792843580246
0.5739878416061401,-0.2772025465965271,0.13039469718933105
0.5754112005233765,-0.27591371536254883,0.13859696686267853
0.5768276453018188,-0.2745862603187561,0.1458563357591629
0.5782772898674011,-0.2732529640197754,0.15214641392230988
0.5797945261001587,-0.27194249629974365,0.15744410455226898
0.5814077854156494,-0.2706795334815979,0.16172969341278076
0.5831382274627686,-0.2694842517375946,0.16498646140098572
0.5850000977516174,-0.26837223768234253,0.16720056533813477
0.5869998931884766,-0.2673543393611908,0.16836147010326385
0.5891362428665161,-0.2664366662502289,0.16846172511577606
0.5914002656936646,-0.2656205892562866,0.16749757528305054
0.593775749206543,-0.2649030089378357,0.16546891629695892
0.5962395071983337,-0.2642761468887329,0.16237972676753998
0.5987619757652283,-0.2637282907962799,0.15823803842067719
0.6013079881668091,-0.26324403285980225,0.15305596590042114
0.6038376092910767,-0.2628045082092285,0.14684975147247314
0.606306791305542,-0.26238805055618286,0.1396392583847046
0.6086679697036743,-0.26197072863578796,0.1314479112625122
0.6108705997467041,-0.2615267336368561,0.12230226397514343
0.6128617525100708,-0.261028915643692,0.11223134398460388
0.6145865321159363,-0.2604493498802185,0.10126683115959167
0.6159879565238953,-0.25975966453552246,0.08944249153137207
0.6170073747634888,-0.25893136858940125,0.07679450511932373
0.6175847053527832,-0.2579362392425537,0.06336173415184021
0.6176581382751465,-0.2567465901374817,0.049185872077941895
0.6171650290489197,-0.2553354501724243,0.034312307834625244
0.6160419583320618,-0.25367677211761475,0.018790900707244873
0.6142255663871765,-0.25174573063850403,0.002676546573638916
0.611653208732605,-0.24951882660388947,-0.013969779014587402
0.6082639694213867,-0.24697422981262207,-0.03108036518096924
0.6040000915527344,-0.24409186840057373,-0.04858025908470154
0.5988083481788635,-0.24085408449172974,-0.06638672947883606
0.5926413536071777,-0.23724547028541565,-0.08440941572189331
0.5854594707489014,-0.23325353860855103,-0.10255038738250732
0.5772320032119751,-0.22886890172958374,-0.12070488929748535
0.5679392218589783,-0.22408565878868103,-0.1387622356414795
0.5575731992721558,-0.21890172362327576,-0.15660712122917175
0.5461392998695374,-0.21331895887851715,-0.17412130534648895
0.533656656742096,-0.20734363794326782,-0.19118547439575195
0.520159125328064,-0.20098643004894257,-0.20768123865127563
0.5056950449943542,-0.19426241517066956,-0.22349348664283752
0.5049479007720947,-0.19396156072616577,-0.22416603565216064
0.5047107934951782,-0.19397014379501343,-0.22415032982826233
0.5043257474899292,-0.19398410618305206,-0.2241244912147522
0.503792405128479,-0.19400352239608765,-0.22408795356750488
0.5031118988990784,-0.19402849674224854,-0.22404015064239502
0.502285897731781,-0.19405896961688995,-0.22398027777671814
0.5013173818588257,-0.19409509003162384,-0.22390753030776978
0.5002099275588989,-0.1941368132829666,-0.22382092475891113
0.4989682137966156,-0.19418415427207947,-0.2237195372581482
0.4975973665714264,-0.1942371129989624,-0.22360235452651978
0.49610352516174316,-0.194295734167099,-0.22346830368041992
0.494493305683136,-0.1943599432706833,-0.223316490650177
0.49277397990226746,-0.1944296956062317,-0.2231459617614746
0.49095314741134644,-0.19450490176677704,-0.2229558825492859
0.4890390634536743,-0.1945856213569641,-0.22274556756019592
0.4870401620864868,-0.19467169046401978,-0.22251442074775696
0.48496532440185547,-0.1947629600763321,-0.22226205468177795
0.48282352089881897,-0.19485938549041748,-0.2219882607460022
0.4806240499019623,-0.19496074318885803,-0.22169306874275208
0.4783763885498047,-0.1950669288635254,-0.2213767170906067
0.47608980536460876,-0.19517764449119568,-0.22103965282440186
0.4737742841243744,-0.19529271125793457,-0.22068265080451965
0.4714391231536865,-0.195411816239357,-0.2203066647052765
0.4690942168235779,-0.1955346167087555,-0.21991300582885742
0.46674901247024536,-0.1956607699394226,-0.21950316429138184
0.46441322565078735,-0.1957898736000061,-0.2190788984298706
0.4620961844921112,-0.19592143595218658,-0.2186422348022461
0.45980727672576904,-0.19605493545532227,-0.21819543838500977
0.45755547285079956,-0.19618982076644897,-0.21774092316627502
0.4553494453430176,-0.19632549583911896,-0.21728122234344482
0.45319733023643494,-0.19646140933036804,-0.21681904792785645
0.45110660791397095,-0.19659680128097534,-0.21635711193084717
0.4490838944911957,-0.19673117995262146,-0.2158980667591095
0.4471348226070404,-0.1968638002872467,-0.21544450521469116
0.44526398181915283,-0.19699415564537048,-0.21499869227409363
0.4434744715690613,-0.19712162017822266,-0.2145628035068512
0.44176819920539856,-0.19724595546722412,-0.21413850784301758
0.4401455819606781,-0.1973665952682495,-0.21372723579406738
0.4386058449745178,-0.19748346507549286,-0.21332991123199463
0.4371468424797058,-0.1975962370634079,-0.21294713020324707
0.4357655942440033,-0.19770504534244537,-0.21257907152175903
0.4344581961631775,-0.19780978560447693,-0.21222567558288574
0.4332204759120941,-0.19791056215763092,-0.21188658475875854
0.4320477843284607,-0.1980075091123581,-0.21156129240989685
0.43093574047088623,-0.19810089468955994,-0.2112492024898529
0.4298803210258484,-0.19819071888923645,-0.21094974875450134
0.42887791991233826,-0.19827720522880554,-0.21066239476203918
0.42792555689811707,-0.19836048781871796,-0.2103867530822754
0.4270210564136505,-0.19844047725200653,-0.21012258529663086
0.42616310715675354,-0.19851727783679962,-0.2098698914051056
0.425351083278656,-0.19859075546264648,-0.20962879061698914
0.4245852828025818,-0.19866082072257996,-0.2093997597694397
0.4238664209842682,-0.19872722029685974,-0.2091832458972931
0.42319607734680176,-0.19878971576690674,-0.2089800238609314
0.422575980424881,-0.19884800910949707,-0.20879095792770386
0.4220083951950073,-0.19890181720256805,-0.2086169421672821
0.4214957058429718,-0.19895075261592865,-0.2084590196609497
0.42104047536849976,-0.1989944875240326,-0.20831811428070068
0.4206451177597046,-0.19903269410133362,-0.20819532871246338
0.4203120470046997,-0.19906504452228546,-0.20809152722358704
0.42004361748695374,-0.19909122586250305,-0.20800766348838806
0.419842004776001,-0.19911092519760132,-0.20794454216957092
0.41970908641815186,-0.19912396371364594,-0.20790284872055054
0.419646680355072,-0.199130117893219,-0.20788326859474182
0.42559054493904114,-0.2033088058233261,-0.20254075527191162
0.4380186200141907,-0.21198877692222595,-0.19055107235908508
0.4500146806240082,-0.22028571367263794,-0.17781998217105865
0.4615292251110077,-0.22815322875976562,-0.16440409421920776
0.4725172519683838,-0.2355494499206543,-0.1503685563802719
0.4829404354095459,-0.2424386739730835,-0.13578614592552185
0.49276673793792725,-0.24879133701324463,-0.12073621153831482
0.5019711256027222,-0.25458472967147827,-0.10530358552932739
0.5105364322662354,-0.2598033547401428,-0.08957736194133759
0.5184530019760132,-0.2644388973712921,-0.0736495703458786
0.5257191061973572,-0.2684905529022217,-0.05761396884918213
0.5323408246040344,-0.2719644010066986,-0.04156479239463806
0.5383317470550537,-0.2748735547065735,-0.02559545636177063
0.5437130331993103,-0.27723729610443115,-0.009797543287277222
0.5485122203826904,-0.2790810763835907,0.005740135908126831
0.5527633428573608,-0.2804352045059204,0.020932644605636597
0.5565057992935181,-0.28133463859558105,0.03569912910461426
0.5597838163375854,-0.2818179726600647,0.04996398091316223
0.5626455545425415,-0.28192663192749023,0.06365686655044556
0.565142035484314,-0.2817038893699646,0.07671287655830383
0.5673264861106873,-0.28119438886642456,0.08907285332679749
0.5692530274391174,-0.2804430425167084,0.10068309307098389
0.5709760189056396,-0.2794942259788513,0.1114954948425293
0.5725485682487488,-0.2783912420272827,0.12146688997745514
0.5740221738815308,-0.27717551589012146,0.13055886328220367
0.575445294380188,-0.27588599920272827,0.1387375295162201
0.5768625140190125,-0.2745586931705475,0.14597292244434357
0.5783136487007141,-0.27322614192962646,0.15223893523216248
0.5798331499099731,-0.2719169855117798,0.15751245617866516
0.581449031829834,-0.27065569162368774,0.1617739349603653
0.5831824541091919,-0.2694624066352844,0.16500654816627502
0.5850474834442139,-0.26835256814956665,0.16719664633274078
0.5870503783226013,-0.26733696460723877,0.16833369433879852
0.5891896486282349,-0.2664215564727783,0.16841024160385132
0.5914562344551086,-0.265607625246048,0.16742274165153503
0.5938337445259094,-0.2648918628692627,0.16537106037139893
0.59629887342453,-0.26426658034324646,0.16225914657115936
0.5988219380378723,-0.26371997594833374,0.158095121383667
0.601367712020874,-0.26323652267456055,0.15289120376110077
0.6038961410522461,-0.2627972960472107,0.14666369557380676
0.60636305809021,-0.26238059997558594,0.13943254947662354
0.6087207198143005,-0.2619624733924866,0.13122113049030304
0.6109187602996826,-0.2615170478820801,0.12205615639686584
0.6129041910171509,-0.2610172629356384,0.11196663975715637
0.6146219968795776,-0.2604351043701172,0.10098420083522797
0.6160151362419128,-0.25974220037460327,0.08914287388324738
0.6170250177383423,-0.2589101493358612,0.07647883892059326
0.6175913214683533,-0.25791066884994507,0.06303092837333679
0.6176523566246033,-0.25671613216400146,0.04884105920791626
0.6171456575393677,-0.2552995979785919,0.03395465016365051
0.6160075664520264,-0.2536349892616272,0.01842162013053894
0.6141749620437622,-0.2516975998878479,0.0022971630096435547
0.6115850210189819,-0.24946394562721252,-0.014357656240463257
0.6081771850585938,-0.24691221117973328,-0.03147503733634949
0.6038936376571655,-0.24402248859405518,-0.04897978901863098
0.5986813902854919,-0.24077706038951874,-0.06678915023803711
0.5924932360649109,-0.23716063797473907,-0.08481243252754211
0.5852896571159363,-0.23316079378128052,-0.10295167565345764
0.577040433883667,-0.2287682294845581,-0.12110206484794617
0.5677259564399719,-0.22397713363170624,-0.13915272057056427
0.5573385953903198,-0.21878552436828613,-0.15698841214179993
0.5458840131759644,-0.213195338845253,-0.17449089884757996
0.5333818197250366,-0.20721296966075897,-0.1915408968925476
0.5198659896850586,-0.20084908604621887,-0.20802021026611328
0.5053850412368774,-0.19411900639533997,-0.22381381690502167
0.5049446821212769,-0.19396169483661652,-0.22416582703590393
0.504704475402832,-0.19397035241127014,-0.2241499125957489
0.5043164491653442,-0.19398444890975952,-0.22412386536598206
0.5037801265716553,-0.19400401413440704,-0.22408711910247803
0.5030966997146606,-0.1940290331840515,-0.22403907775878906
0.5022680163383484,-0.19405966997146606,-0.22397896647453308
0.5012967586517334,-0.19409583508968353,-0.22390592098236084
0.5001868605613708,-0.19413766264915466,-0.2238190770149231
0.4989427626132965,-0.19418512284755707,-0.22371742129325867
0.497569739818573,-0.19423821568489075,-0.22359991073608398
0.4960739314556122,-0.19429689645767212,-0.22346559166908264
0.49446192383766174,-0.19436119496822357,-0.22331345081329346
0.4927408993244171,-0.19443103671073914,-0.2231426239013672
0.4909186363220215,-0.19450637698173523,-0.22295218706130981
0.4890033006668091,-0.1945871114730835,-0.22274154424667358
0.4870033264160156,-0.19467325508594513,-0.22251006960868835
0.4849276542663574,-0.194764643907547,-0.2222573459148407
0.48278510570526123,-0.19486114382743835,-0.22198322415351868
0.48058512806892395,-0.19496256113052368,-0.22168773412704468
0.4783371686935425,-0.19506880640983582,-0.22137105464935303
0.47605058550834656,-0.19517958164215088,-0.2210337221622467
0.47373494505882263,-0.19529469311237335,-0.22067642211914062
0.4713999629020691,-0.19541384279727936,-0.22030022740364075
0.4690553545951843,-0.19553671777248383,-0.21990635991096497
0.46671062707901,-0.19566288590431213,-0.21949630975723267
0.46437540650367737,-0.19579198956489563,-0.2190718948841095
0.4620591104030609,-0.1959235519170761,-0.21863511204719543
0.459771066904068,-0.19605706632137299,-0.21818822622299194
0.45752015709877014,-0.1961919516324997,-0.21773365139961243
0.45531514286994934,-0.19632767140865326,-0.21727395057678223
0.45316416025161743,-0.19646352529525757,-0.21681180596351624
0.451074481010437,-0.19659891724586487,-0.21634992957115173
0.4490530490875244,-0.1967332661151886,-0.2158910036087036
0.44710516929626465,-0.19686587154865265,-0.21543753147125244
0.44523555040359497,-0.19699615240097046,-0.21499186754226685
0.4434473514556885,-0.1971236616373062,-0.21455609798431396
0.4417421817779541,-0.19724786281585693,-0.21413198113441467
0.4401208162307739,-0.19736847281455994,-0.2137208878993988
0.4385821521282196,-0.19748526811599731,-0.21332374215126038
0.43712425231933594,-0.19759804010391235,-0.21294113993644714
0.4357439875602722,-0.19770675897598267,-0.21257328987121582
0.4344375729560852,-0.19781145453453064,-0.21222004294395447
0.43320074677467346,-0.19791215658187866,-0.2118811309337616
