0.08405794948339462,-0.634973406791687,0.218352809548378
0.08747600018978119,-0.6366097927093506,0.21119388937950134
0.09083938598632812,-0.6383771300315857,0.20288313925266266
0.09413664042949677,-0.6402090787887573,0.19343236088752747
0.09735449403524399,-0.6420331001281738,0.18285760283470154
0.10047780722379684,-0.6437707543373108,0.1711798459291458
0.10348979383707047,-0.6453388929367065,0.1584254503250122
0.10637208819389343,-0.646651029586792,0.1446269154548645
0.10910502821207047,-0.6476180553436279,0.12982308864593506
0.11166787147521973,-0.6481497883796692,0.11406022310256958
0.11403914541006088,-0.6481561660766602,0.09739162027835846
0.11619691550731659,-0.647548496723175,0.07987849414348602
0.1181192621588707,-0.6462404131889343,0.06158961355686188
0.11978459358215332,-0.644149661064148,0.042601585388183594
0.12117218971252441,-0.6411990523338318,0.02299875020980835
0.1222626268863678,-0.6373175978660583,0.0028727054595947266
0.12303824722766876,-0.6324418783187866,-0.017677903175354004
0.12348370254039764,-0.6265171766281128,-0.03854812681674957
0.12358647584915161,-0.6194981932640076,-0.05962720513343811
0.12333730608224869,-0.6113505363464355,-0.0807998776435852
0.12273067981004715,-0.6020511388778687,-0.10194709897041321
0.12176525592803955,-0.5915892124176025,-0.12294745445251465
0.12044425308704376,-0.5799668431282043,-0.14367851614952087
0.11877558380365372,-0.5671992301940918,-0.16401851177215576
0.11677214503288269,-0.5533148050308228,-0.1838475465774536
0.11445179581642151,-0.5383556485176086,-0.20304983854293823
0.11183732748031616,-0.5223766565322876,-0.22151505947113037
0.11125808954238892,-0.5198728442192078,-0.22423695027828217
0.11095227301120758,-0.5198619961738586,-0.2242438942193985
0.11051946133375168,-0.5198464393615723,-0.22425363957881927
0.10995939373970032,-0.5198264718055725,-0.22426609694957733
0.10927215218544006,-0.5198022127151489,-0.22428108751773834
0.10845819860696793,-0.5197736620903015,-0.22429855167865753
0.10751843452453613,-0.5197410583496094,-0.2243182510137558
0.10645410418510437,-0.5197046995162964,-0.22433997690677643
0.10526693612337112,-0.5196644067764282,-0.22436349093914032
0.10395905375480652,-0.519620954990387,-0.22438852488994598
0.1025330200791359,-0.5195742845535278,-0.22441484034061432
0.10099175572395325,-0.5195246934890747,-0.22444210946559906
0.09933865070343018,-0.5194724798202515,-0.2244700938463211
0.09757743775844574,-0.5194181203842163,-0.22449849545955658
0.09571225196123123,-0.5193617343902588,-0.2245270162820816
0.09374761581420898,-0.5193037986755371,-0.2245553880929947
0.091688372194767,-0.5192445516586304,-0.22458337247371674
0.08953975141048431,-0.519184410572052,-0.22461073100566864
0.08730725944042206,-0.5191235542297363,-0.2246372550725937
0.0849967822432518,-0.5190622806549072,-0.22466273605823517
0.082614466547966,-0.5190011262893677,-0.22468702495098114
0.0801667720079422,-0.5189400911331177,-0.22471000254154205
0.0776604413986206,-0.5188795328140259,-0.22473154962062836
0.07510246336460114,-0.5188197493553162,-0.22475160658359528
0.07250009477138519,-0.5187608003616333,-0.22477011382579803
0.06986084580421448,-0.5187029838562012,-0.22478707134723663
0.06719236075878143,-0.5186464190483093,-0.22480244934558868
0.06450255215167999,-0.5185912251472473,-0.22481633722782135
0.06179941073060036,-0.5185375213623047,-0.22482873499393463
0.05909108370542526,-0.5184854865074158,-0.2248397022485733
0.05638574808835983,-0.5184350609779358,-0.22484935820102692
0.05369158461689949,-0.5183864235877991,-0.22485776245594025
0.05101672187447548,-0.5183393955230713,-0.22486503422260284
0.04836917296051979,-0.5182942152023315,-0.22487126290798187
0.045756738632917404,-0.5182507634162903,-0.22487656772136688
0.043186940252780914,-0.5182090997695923,-0.22488100826740265
0.040666960179805756,-0.518169105052948,-0.2248847335577011
0.03820354864001274,-0.5181307792663574,-0.22488783299922943
0.03580298647284508,-0.5180941820144653,-0.22489033639431
0.03347102180123329,-0.518059253692627,-0.22489242255687714
0.03121282532811165,-0.518025815486908,-0.22489409148693085
0.029032986611127853,-0.5179939866065979,-0.2248954325914383
0.02693551406264305,-0.5179636478424072,-0.22489647567272186
0.02492382749915123,-0.5179348587989807,-0.22489731013774872
0.023000840097665787,-0.5179075598716736,-0.22489799559116364
0.02116897702217102,-0.5178816914558411,-0.22489847242832184
0.0194302536547184,-0.5178571343421936,-0.22489885985851288
0.017786331474781036,-0.5178340673446655,-0.22489918768405914
0.016238611191511154,-0.5178123712539673,-0.22489942610263824
0.014788314700126648,-0.5177921056747437,-0.22489957511425018
0.01343652606010437,-0.5177732110023499,-0.22489972412586212
0.01218431070446968,-0.5177556872367859,-0.22489981353282928
0.01103270798921585,-0.5177395939826965,-0.22489987313747406
0.009982798248529434,-0.5177247524261475,-0.22489993274211884
0.009035754948854446,-0.5177114605903625,-0.22489996254444122
0.008192811161279678,-0.517699658870697,-0.224900022149086
0.007455311715602875,-0.5176892280578613,-0.224900022149086
0.006824679672718048,-0.517680287361145,-0.2249000519514084
0.0063023753464221954,-0.5176729559898376,-0.2249000519514084
0.0058899447321891785,-0.5176671147346497,-0.22490008175373077
0.005588870495557785,-0.5176628232002258,-0.22490008175373077
0.005400653928518295,-0.5176601409912109,-0.22490008175373077
0.005326699465513229,-0.5176591277122498,-0.22490008175373077
0.0053682997822761536,-0.5176597237586975,-0.22490008175373077
0.0035330168902873993,-0.5301511883735657,-0.21173354983329773
0.0013612695038318634,-0.545640230178833,-0.1938420683145523
-0.0004965625703334808,-0.5601608753204346,-0.175218403339386
-0.002018362283706665,-0.5736550092697144,-0.1559630036354065
-0.0031866692006587982,-0.5860759019851685,-0.136183500289917
-0.003988992422819138,-0.597389280796051,-0.11599308252334595
-0.004417944699525833,-0.6075736284255981,-0.09550906717777252
-0.004471259191632271,-0.6166202425956726,-0.0748511403799057
-0.004151677712798119,-0.6245336532592773,-0.05413950979709625
-0.0034667477011680603,-0.6313309669494629,-0.03349357843399048
-0.002428421750664711,-0.6370416283607483,-0.013030171394348145
-0.0010526292026042938,-0.6417064666748047,0.007137715816497803
0.0006412547081708908,-0.6453773975372314,0.026902467012405396
0.0026310011744499207,-0.6481158137321472,0.04616236686706543
0.004892230033874512,-0.6499914526939392,0.06482313573360443
0.0073990486562252045,-0.6510814428329468,0.08279809355735779
0.010124683380126953,-0.6514685750007629,0.10000880062580109
0.01304217241704464,-0.6512399911880493,0.11638541519641876
0.016124965623021126,-0.6504857540130615,0.13186626136302948
0.019347436726093292,-0.649297297000885,0.14639803767204285
0.022685382515192032,-0.6477662920951843,0.15993532538414001
0.026116397231817245,-0.6459826231002808,0.17244021594524384
0.029620172455906868,-0.6440339684486389,0.18388131260871887
0.03317869082093239,-0.6420036554336548,0.19423343241214752
0.03677632659673691,-0.6399703025817871,0.2034766674041748
0.04039984568953514,-0.6380062103271484,0.2115955501794815
0.04403834044933319,-0.6361770629882812,0.21857839822769165
0.04768306016921997,-0.634540319442749,0.22441630065441132
0.05132712796330452,-0.6331453919410706,0.22910290956497192
0.05496528744697571,-0.6320323944091797,0.23263336718082428
0.05859352648258209,-0.6312316656112671,0.23500418663024902
0.062208712100982666,-0.6307642459869385,0.2362125813961029
0.06580814719200134,-0.6306405067443848,0.23625655472278595
0.069389209151268,-0.6308610439300537,0.23513470590114594
0.07294890284538269,-0.6314157843589783,0.23284611105918884
0.0764835774898529,-0.6322847604751587,0.2293909639120102
0.07998846471309662,-0.6334381699562073,0.22477026283740997
0.08345749974250793,-0.6348366737365723,0.2189871072769165
0.0868830755352974,-0.6364320516586304,0.21204617619514465
0.09025583416223526,-0.6381674408912659,0.20395547151565552
0.09356462955474854,-0.6399785280227661,0.19472599029541016
0.09679647535085678,-0.6417942643165588,0.1843729019165039
0.09993655234575272,-0.6435376405715942,0.17291605472564697
0.10296836495399475,-0.6451266407966614,0.16038085520267487
0.10587383806705475,-0.6464758515357971,0.14679846167564392
0.10863354802131653,-0.6474971771240234,0.132206529378891
0.11122699081897736,-0.6481009721755981,0.11664979159832001
0.11363284289836884,-0.6481974720954895,0.10018007457256317
0.11582933366298676,-0.6476982235908508,0.08285708725452423
0.11779458075761795,-0.6465169191360474,0.06474791467189789
0.11950705945491791,-0.6445709466934204,0.04592752456665039
0.12094595283269882,-0.6417825222015381,0.026478618383407593
0.12209169566631317,-0.6380798816680908,0.006491035223007202
0.12292641401290894,-0.6333986520767212,-0.013938039541244507
0.12343446910381317,-0.6276828050613403,-0.034705355763435364
0.12360287457704544,-0.6208855509757996,-0.05570170283317566
0.12342187017202377,-0.6129706501960754,-0.07681316137313843
0.12288530170917511,-0.6039133071899414,-0.09792190790176392
0.12199115008115768,-0.5937002897262573,-0.118907630443573
0.12074173986911774,-0.5823314189910889,-0.1396487057209015
0.11914411187171936,-0.5698191523551941,-0.16002385318279266
0.11721018701791763,-0.5561895370483398,-0.17991353571414948
0.114956796169281,-0.5414815545082092,-0.19920185208320618
0.1124057024717331,-0.5257474780082703,-0.21777799725532532
0.11131179332733154,-0.5198747515678406,-0.22423572838306427
0.11103180795907974,-0.5198647975921631,-0.22424210608005524
0.11062545329332352,-0.5198501944541931,-0.22425125539302826
0.11009237170219421,-0.519831120967865,-0.22426314651966095
0.10943261533975601,-0.5198078155517578,-0.22427763044834137
0.10864655673503876,-0.5197802186012268,-0.22429455816745758
0.10773502290248871,-0.5197485089302063,-0.22431375086307526
0.10669918358325958,-0.5197129845619202,-0.22433502972126007
0.1055406779050827,-0.519673764705658,-0.22435812652111053
0.10426151752471924,-0.5196309685707092,-0.22438280284404755
0.10286413878202438,-0.5195850133895874,-0.224408820271492
0.10135139524936676,-0.5195361971855164,-0.22443585097789764
0.09972652792930603,-0.5194845795631409,-0.22446365654468536
0.09799318760633469,-0.5194308757781982,-0.2244919091463089
0.09615534543991089,-0.5193750262260437,-0.22452037036418915
0.0942174419760704,-0.5193175673484802,-0.22454874217510223
0.0921841636300087,-0.5192586183547974,-0.22457681596279144
0.09006060659885406,-0.5191988348960876,-0.2246042639017105
0.08785219490528107,-0.5191382169723511,-0.2246309369802475
0.08556461334228516,-0.5190772414207458,-0.22465665638446808
0.08320394158363342,-0.5190160870552063,-0.22468118369579315
0.08077646791934967,-0.5189551115036011,-0.22470445930957794
0.07828880846500397,-0.5188945531845093,-0.2247263342142105
0.07574784010648727,-0.5188345909118652,-0.2247467190027237
0.07316069304943085,-0.5187755823135376,-0.2247655838727951
0.07053470611572266,-0.5187175869941711,-0.22478292882442474
0.06787748634815216,-0.5186607837677002,-0.22479866445064545
0.06519677489995956,-0.5186052918434143,-0.22481290996074677
0.0625004991889,-0.5185513496398926,-0.2248256355524063
0.05979670584201813,-0.5184988975524902,-0.22483699023723602
0.05709351599216461,-0.5184481143951416,-0.2248469442129135
0.054399073123931885,-0.5183990001678467,-0.2248556762933731
0.0517214834690094,-0.518351674079895,-0.2248632162809372
0.049068763852119446,-0.5183060169219971,-0.2248697131872177
0.04644875228404999,-0.5182621479034424,-0.22487522661685944
0.04386904090642929,-0.5182200074195862,-0.2248799055814743
0.04133690148591995,-0.5181796550750732,-0.2248838096857071
0.03885921835899353,-0.5181409120559692,-0.22488705813884735
0.03644241392612457,-0.518103837966919,-0.22488974034786224
0.03409240394830704,-0.5180684924125671,-0.22489188611507416
0.03181454539299011,-0.5180345773696899,-0.22489367425441742
0.02961362525820732,-0.518002450466156,-0.22489510476589203
0.02749384194612503,-0.5179717540740967,-0.22489620745182037
0.02545882761478424,-0.517942488193512,-0.224897101521492
0.023511651903390884,-0.5179147124290466,-0.2248978167772293
0.021654915064573288,-0.5178885459899902,-0.22489838302135468
0.019890766590833664,-0.5178636312484741,-0.22489877045154572
0.018220990896224976,-0.5178402066230774,-0.22489909827709198
0.016647081822156906,-0.5178181529045105,-0.22489936649799347
0.015170324593782425,-0.5177974104881287,-0.2248995453119278
0.013791829347610474,-0.5177781581878662,-0.22489969432353973
0.012512654066085815,-0.5177602767944336,-0.2248997837305069
0.011333860456943512,-0.5177437663078308,-0.22489987313747406
0.010256480425596237,-0.5177286863327026,-0.22489993274211884
0.009281657636165619,-0.5177149772644043,-0.22489996254444122
0.00841057300567627,-0.5177026987075806,-0.2248999923467636
0.007644526660442352,-0.5176919102668762,-0.224900022149086
0.006984870880842209,-0.5176826119422913,-0.224900022149086
0.006433025002479553,-0.5176748037338257,-0.2249000519514084
0.005990464240312576,-0.5176685452461243,-0.2249000519514084
0.005658689886331558,-0.5176638960838318,-0.22490008175373077
0.0054391175508499146,-0.5176607370376587,-0.22490008175373077
0.005333181470632553,-0.5176591873168945,-0.22490008175373077
0.0053421445190906525,-0.5176593065261841,-0.22490008175373077
0.00421278178691864,-0.5255103707313538,-0.2167477309703827
0.0019613299518823624,-0.5412284731864929,-0.1991300880908966
1.541338860988617e-05,-0.5560012459754944,-0.18075710535049438
-0.0016017500311136246,-0.5697680711746216,-0.16172626614570618
-0.0028714966028928757,-0.5824790000915527,-0.14214260876178741
-0.003779929131269455,-0.5940965414047241,-0.12211713194847107
-0.0043182577937841415,-0.6045956611633301,-0.10176530480384827
-0.004482759162783623,-0.6139639616012573,-0.08120547235012054
-0.00427471287548542,-0.6222020983695984,-0.060557007789611816
-0.0037002116441726685,-0.6293234825134277,-0.03993895649909973
-0.0027698632329702377,-0.6353535652160645,-0.01946812868118286
-0.0014983490109443665,-0.6403297781944275,0.0007419884204864502
9.609386324882507e-05,-0.6443004012107849,0.02058267593383789
0.00199219211935997,-0.6473234295845032,0.039951205253601074
0.004166346043348312,-0.6494659185409546,0.058751434087753296
0.006593262776732445,-0.6508022546768188,0.07689505815505981
0.009246578440070152,-0.6514127254486084,0.09430152177810669
0.012099549174308777,-0.6513829827308655,0.11089867353439331
0.015125630423426628,-0.650801420211792,0.1266227811574936
0.018299058079719543,-0.649758517742157,0.1414182186126709
0.021595342084765434,-0.6483454704284668,0.15523742139339447
0.02499162219464779,-0.6466518640518188,0.1680402010679245
0.02846705913543701,-0.6447658538818359,0.17979343235492706
0.03200303390622139,-0.6427714824676514,0.19046996533870697
0.03558323532342911,-0.6407483816146851,0.20004825294017792
0.0391937755048275,-0.6387706398963928,0.20851147174835205
0.042823053896427155,-0.6369055509567261,0.21584679186344147
0.046461693942546844,-0.6352128982543945,0.2220444530248642
0.050102248787879944,-0.633744478225708,0.22709697484970093
0.05373898893594742,-0.6325432062149048,0.2309991866350174
0.05736751854419708,-0.6316425800323486,0.23374693095684052
0.06098444014787674,-0.6310665607452393,0.23533715307712555
0.06458692997694016,-0.6308289766311646,0.23576755821704865
0.06817234307527542,-0.6309336423873901,0.23503626883029938
0.07173781841993332,-0.6313742399215698,0.23314209282398224
0.07527990639209747,-0.6321343183517456,0.23008479177951813
0.0787942111492157,-0.6331872940063477,0.2258649468421936
0.08227509260177612,-0.6344974637031555,0.22048470377922058
0.08571542799472809,-0.6360195875167847,0.21394820511341095
0.08910644054412842,-0.6377002000808716,0.20626193284988403
0.09243756532669067,-0.6394777297973633,0.19743578135967255
0.09569640457630157,-0.6412837505340576,0.18748340010643005
0.09886873513460159,-0.6430435180664062,0.1764228790998459
0.10193859785795212,-0.6446770429611206,0.16427750885486603
0.10488845407962799,-0.6461005210876465,0.15107636153697968
0.10769928991794586,-0.647226870059967,0.1368546336889267
0.11035099625587463,-0.6479672789573669,0.12165462970733643
0.1128225028514862,-0.6482325196266174,0.10552550852298737
0.1150922030210495,-0.647933840751648,0.08852408826351166
0.11713828146457672,-0.6469845771789551,0.07071483135223389
0.11893909424543381,-0.6453009843826294,0.05216982960700989
0.12047363817691803,-0.6428040266036987,0.03296896815299988
0.12172195315361023,-0.6394201517105103,0.013199299573898315
0.1226656436920166,-0.635082483291626,-0.007044672966003418
0.1232883483171463,-0.629732608795166,-0.02766209840774536
0.12357620894908905,-0.6233205199241638,-0.048546016216278076
0.12351840734481812,-0.6158065795898438,-0.06958447396755219
0.12310761213302612,-0.6071621775627136,-0.09066137671470642
0.1223403662443161,-0.5973702073097229,-0.11165767908096313
0.12121754139661789,-0.5864259600639343,-0.1324525773525238
0.11974455416202545,-0.5743374824523926,-0.1529250591993332
0.11793158948421478,-0.5611259937286377,-0.17295552790164948
0.11579377949237823,-0.5468258857727051,-0.1924271434545517
0.11335107684135437,-0.5314844846725464,-0.21122777462005615
0.11138223111629486,-0.5198773741722107,-0.22423411905765533
0.11114749312400818,-0.5198688507080078,-0.22423945367336273
0.11078694462776184,-0.5198559761047363,-0.22424761950969696
0.11030013859272003,-0.5198385715484619,-0.22425852715969086
0.10968700051307678,-0.5198167562484741,-0.22427205741405487
0.10894781351089478,-0.5197907090187073,-0.22428812086582184
0.10808322578668594,-0.5197605490684509,-0.22430647909641266
0.10709430277347565,-0.519726574420929,-0.224326953291893
0.10598252713680267,-0.519688606262207,-0.22434939444065094
0.10474975407123566,-0.5196472406387329,-0.22437350451946259
0.10339825600385666,-0.5196024775505066,-0.22439898550510406
0.10193074494600296,-0.5195547342300415,-0.22442562878131866
0.1003502756357193,-0.5195042490959167,-0.2244531363248825
0.09866033494472504,-0.5194514393806458,-0.22448121011257172
0.09686475992202759,-0.5193964242935181,-0.22450955212116241
0.09496776759624481,-0.5193396210670471,-0.2245379537343979
0.09297393262386322,-0.5192813873291016,-0.22456611692905426
0.09088815748691559,-0.5192220211029053,-0.22459377348423004
0.08871569484472275,-0.5191617608070374,-0.2246207445859909
0.0864620953798294,-0.5191009044647217,-0.22464679181575775
0.08413323760032654,-0.5190399289131165,-0.22467176616191864
0.0817352682352066,-0.518979012966156,-0.22469551861286163
0.07927464693784714,-0.5189183950424194,-0.2247179001569748
0.07675808668136597,-0.5188581943511963,-0.22473885118961334
0.07419254630804062,-0.5187988877296448,-0.22475828230381012
0.07158525288105011,-0.5187405943870544,-0.22477619349956512
0.06894364207983017,-0.5186833143234253,-0.22479255497455597
0.06627533584833145,-0.518627405166626,-0.22480736672878265
0.06358815729618073,-0.5185728669166565,-0.22482068836688995
0.06089004874229431,-0.5185198783874512,-0.22483254969120026
0.05818905681371689,-0.5184685587882996,-0.2248430699110031
0.05549328029155731,-0.5184187889099121,-0.2248522788286209
0.052810803055763245,-0.5183708071708679,-0.2248602956533432
0.05014965683221817,-0.5183244943618774,-0.22486717998981476
0.04751772806048393,-0.5182799696922302,-0.22487308084964752
0.044922713190317154,-0.5182371735572815,-0.22487808763980865
0.04237200319766998,-0.5181961059570312,-0.22488228976726532
0.03987265005707741,-0.5181566476821899,-0.22488580644130707
0.03743128105998039,-0.5181188583374023,-0.22488869726657867
0.0350540466606617,-0.5180829167366028,-0.2248910516500473
0.032746538519859314,-0.5180484652519226,-0.2248929888010025
0.030513837933540344,-0.5180155634880066,-0.22489453852176666
0.02836039662361145,-0.5179842710494995,-0.22489579021930695
0.026290126144886017,-0.5179543495178223,-0.22489677369594574
0.024306360632181168,-0.5179260969161987,-0.22489754855632782
0.022411923855543137,-0.517899215221405,-0.22489814460277557
0.020609181374311447,-0.5178737640380859,-0.22489862143993378
0.018900077790021896,-0.5178496837615967,-0.22489897906780243
0.0172862745821476,-0.5178270936012268,-0.22489924728870392
0.015769116580486298,-0.5178058743476868,-0.22489948570728302
0.014349840581417084,-0.517785906791687,-0.22489963471889496
0.013029508292675018,-0.5177674889564514,-0.2248997539281845
0.011809155344963074,-0.5177504420280457,-0.22489984333515167
0.010689854621887207,-0.5177347660064697,-0.22489990293979645
0.009672656655311584,-0.5177204012870789,-0.22489996254444122
0.008758727461099625,-0.5177076458930969,-0.2248999923467636
0.00794929638504982,-0.5176962614059448,-0.224900022149086
0.007245656102895737,-0.5176863074302673,-0.224900022149086
0.006649192422628403,-0.517677903175354,-0.2249000519514084
0.006161332130432129,-0.5176709294319153,-0.2249000519514084
0.005783505737781525,-0.5176656246185303,-0.22490008175373077
0.005517162382602692,-0.5176618099212646,-0.22490008175373077
0.005363695323467255,-0.5176596641540527,-0.22490008175373077
0.005324404686689377,-0.5176591277122498,-0.22490008175373077
0.005249910056591034,-0.51860111951828,-0.22394385933876038
0.0028824545443058014,-0.5346655249595642,-0.2067088484764099
0.0008085183799266815,-0.5498171448707581,-0.1886836290359497
-0.0009470395743846893,-0.5639908909797668,-0.1699615716934204
-0.002363678067922592,-0.5771326422691345,-0.1506442129611969
-0.0034255683422088623,-0.5891999006271362,-0.1308395117521286
-0.004121832549571991,-0.6001623272895813,-0.11066070199012756
-0.004446584731340408,-0.6100022792816162,-0.09022444486618042
-0.004399018362164497,-0.6187150478363037,-0.06964917480945587
-0.003983149304986,-0.6263084411621094,-0.04905354976654053
-0.003207668662071228,-0.6328026056289673,-0.028554916381835938
-0.002085454761981964,-0.6382299661636353,-0.00826767086982727
-0.0006331782788038254,-0.6426337361335754,0.011697918176651001
0.0011292900890111923,-0.6460675597190857,0.031236976385116577
0.0031794197857379913,-0.648594319820404,0.0502510666847229
0.005492750555276871,-0.6502847671508789,0.06864874064922333
0.008043460547924042,-0.6512163877487183,0.08634647727012634
0.010805081576108932,-0.6514720916748047,0.10326896607875824
0.013751082122325897,-0.6511387825012207,0.11934894323348999
0.016855478286743164,-0.6503055095672607,0.1345275491476059
0.020093293860554695,-0.6490626335144043,0.14875392615795135
0.023441068828105927,-0.6475001573562622,0.16198477149009705
0.026877162978053093,-0.6457064747810364,0.17418403923511505
0.030382048338651657,-0.6437669992446899,0.18532204627990723
0.03393847495317459,-0.6417630910873413,0.19537492096424103
0.037531547248363495,-0.6397709250450134,0.20432370901107788
0.04114871844649315,-0.6378604173660278,0.21215391159057617
0.04477965459227562,-0.6360945701599121,0.21885427832603455
0.04841610789299011,-0.6345286965370178,0.22441630065441132
0.052051614969968796,-0.6332093477249146,0.22883394360542297
0.05568121373653412,-0.6321742534637451,0.23210228979587555
0.059301093220710754,-0.6314514875411987,0.23421795666217804
0.06290818750858307,-0.6310597658157349,0.23517796397209167
0.06649979948997498,-0.631007194519043,0.23498031497001648
0.0700731873512268,-0.6312923431396484,0.2336234301328659
0.07362518459558487,-0.6319032907485962,0.23110641539096832
0.0771518275141716,-0.632818341255188,0.22742928564548492
0.0806480348110199,-0.6340062022209167,0.22259347140789032
0.0841073989868164,-0.6354262232780457,0.2166019231081009
0.08752185851335526,-0.6370288133621216,0.2094598412513733
0.09088167548179626,-0.638756513595581,0.20117565989494324
0.09417527914047241,-0.6405441164970398,0.1917608380317688
0.09738925099372864,-0.6423202157020569,0.1812313050031662
0.1005084291100502,-0.6440074443817139,0.16960780322551727
0.10351596027612686,-0.6455239057540894,0.15691649913787842
0.10639351606369019,-0.6467843055725098,0.1431896984577179
0.10912144184112549,-0.6477009057998657,0.1284661591053009
0.11167911440134048,-0.6481848955154419,0.11279170215129852
0.114045150578022,-0.648147463798523,0.09621948003768921
0.11619782447814941,-0.6475011706352234,0.07881015539169312
0.11811541765928268,-0.6461610794067383,0.060632169246673584
0.11977662891149521,-0.6440462470054626,0.0417616069316864
0.12116102129220963,-0.6410806179046631,0.022282063961029053
0.12224949896335602,-0.6371944546699524,0.002284437417984009
0.12302473187446594,-0.6323254108428955,-0.01813367009162903
0.12347175180912018,-0.6264197826385498,-0.03886827826499939
0.12357834726572037,-0.6194332242012024,-0.059810057282447815
0.12333556264638901,-0.6113319993019104,-0.08084502816200256
0.12273813784122467,-0.6020935773849487,-0.10185573995113373
0.12178495526313782,-0.5917076468467712,-0.12272252142429352
0.1204792708158493,-0.5801761150360107,-0.14332473278045654
0.11882905662059784,-0.5675141215324402,-0.16354233026504517
0.11684708297252655,-0.553749680519104,-0.18325760960578918
0.11455100029706955,-0.538923978805542,-0.20235635340213776
0.11196322739124298,-0.5230907797813416,-0.22073009610176086
0.11127448081970215,-0.5198734998703003,-0.2242365926504135
0.11097458004951477,-0.519862711429596,-0.2242433875799179
0.11054888367652893,-0.5198474526405334,-0.22425295412540436
0.10999716073274612,-0.5198277235031128,-0.22426526248455048
0.1093195304274559,-0.5198038220405579,-0.22428007423877716
0.10851648449897766,-0.5197756290435791,-0.22429729998111725
0.10758890211582184,-0.5197435021400452,-0.2243167906999588
0.10653805732727051,-0.5197075009346008,-0.22433827817440033
0.10536560416221619,-0.5196678042411804,-0.22436155378818512
0.1040736734867096,-0.5196247696876526,-0.22438634932041168
0.10266469419002533,-0.5195785164833069,-0.2244124561548233
0.10114158689975739,-0.519529402256012,-0.22443951666355133
0.09950760006904602,-0.5194777846336365,-0.22446729242801666
0.09776636213064194,-0.5194238424301147,-0.2244955152273178
0.09592191874980927,-0.5193679928779602,-0.2245238870382309
0.09397862106561661,-0.5193105936050415,-0.22455213963985443
0.09194119274616241,-0.5192517638206482,-0.22458003461360931
0.08981465548276901,-0.5191919803619385,-0.22460733354091644
0.08760443329811096,-0.5191315412521362,-0.2246338278055191
0.08531615138053894,-0.5190706849098206,-0.22465933859348297
0.08295580744743347,-0.5190097689628601,-0.22468365728855133
0.08052965998649597,-0.518949031829834,-0.2247067242860794
0.07804424315690994,-0.5188886523246765,-0.22472839057445526
0.07550635933876038,-0.5188290476799011,-0.22474856674671173
0.07292304933071136,-0.5187702775001526,-0.22476722300052643
0.0703015923500061,-0.5187124609947205,-0.22478435933589935
0.0676494836807251,-0.5186559557914734,-0.22479994595050812
0.06497437506914139,-0.5186008214950562,-0.2248140126466751
0.06228413060307503,-0.5185470581054688,-0.2248266190290451
0.05958668887615204,-0.5184949040412903,-0.2248377948999405
0.056890085339546204,-0.5184443593025208,-0.22484765946865082
0.05420238524675369,-0.5183955430984497,-0.22485624253749847
0.05153163522481918,-0.5183483362197876,-0.22486372292041779
0.048885755240917206,-0.5183029770851135,-0.22487013041973114
0.04627254605293274,-0.5182592272758484,-0.2248755544424057
0.043699540197849274,-0.5182173252105713,-0.2248801738023758
0.04117397964000702,-0.5181770324707031,-0.2248840481042862
0.03870271146297455,-0.5181385278701782,-0.22488723695278168
0.03629215806722641,-0.5181015729904175,-0.22488988935947418
0.03394821658730507,-0.5180663466453552,-0.2248920351266861
0.031676266342401505,-0.5180326700210571,-0.22489376366138458
0.02948111668229103,-0.5180005431175232,-0.2248951643705368
0.027366984635591507,-0.5179698467254639,-0.22489626705646515
0.025337528437376022,-0.5179408192634583,-0.22489716112613678
0.023395881056785583,-0.5179131627082825,-0.2248978465795517
0.021544672548770905,-0.5178869366645813,-0.22489838302135468
0.019786085933446884,-0.5178621411323547,-0.2248988002538681
0.018121957778930664,-0.5178387761116028,-0.22489912807941437
0.016553808003664017,-0.5178167819976807,-0.22489936649799347
0.015082936733961105,-0.5177962183952332,-0.2248995453119278
0.013710502535104752,-0.5177770256996155,-0.22489969432353973
0.012437578290700912,-0.5177592039108276,-0.22489981353282928
0.011265192180871964,-0.5177428126335144,-0.22489987313747406
0.01019439846277237,-0.5177278518676758,-0.22489993274211884
0.009226318448781967,-0.5177142024040222,-0.22489996254444122
0.008362095803022385,-0.517702043056488,-0.2248999923467636
0.007602989673614502,-0.5176913142204285,-0.224900022149086
0.00695032998919487,-0.5176820755004883,-0.224900022149086
0.006405476480722427,-0.5176743865013123,-0.2249000519514084
0.005969870835542679,-0.5176682472229004,-0.2249000519514084
0.005644891411066055,-0.5176636576652527,-0.22490008175373077
0.005431953817605972,-0.5176606178283691,-0.22490008175373077
0.005332384258508682,-0.5176591873168945,-0.22490008175373077
0.005347408354282379,-0.5176593661308289,-0.22490008175373077
0.004104107618331909,-0.5262609720230103,-0.21594688296318054
0.0018752757459878922,-0.5418791770935059,-0.19836018979549408
-4.862435162067413e-05,-0.5565556287765503,-0.180029034614563
-0.001644860953092575,-0.5702306032180786,-0.16105037927627563
-0.0028951317071914673,-0.5828555822372437,-0.14152851700782776
-0.003786018118262291,-0.5943939685821533,-0.12157368659973145
-0.0043089985847473145,-0.6048215627670288,-0.10130032896995544
-0.004460612311959267,-0.6141267418861389,-0.08082558214664459
-0.004242315888404846,-0.6223105192184448,-0.060267671942710876
-0.0036602914333343506,-0.6293867230415344,-0.039744287729263306
-0.0027251970022916794,-0.6353811621665955,-0.019370973110198975
-0.0014516301453113556,-0.640330970287323,0.0007401406764984131
0.00014226511120796204,-0.6442842483520508,0.02048170566558838
0.0020354241132736206,-0.6472985744476318,0.039752066135406494
0.004204493016004562,-0.6494404077529907,0.0584564208984375
0.006624430418014526,-0.6507833003997803,0.07650735974311829
0.009269190952181816,-0.65140700340271,0.09382539987564087
0.012112364172935486,-0.6513959169387817,0.11033917963504791
0.015127716585993767,-0.6508376598358154,0.12598557770252228
0.018289824947714806,-0.6498215198516846,0.14070960879325867
0.021574463695287704,-0.6484375,0.15446405112743378
0.024959076195955276,-0.646774411201477,0.16720907390117645
0.028423067182302475,-0.6449191570281982,0.1789117008447647
0.03194801136851311,-0.6429548263549805,0.18954487144947052
0.03551778197288513,-0.6409602165222168,0.1990872472524643
0.039118606597185135,-0.639008641242981,0.20752166211605072
0.04273898899555206,-0.637166440486908,0.21483539044857025
0.046369582414627075,-0.6354930400848389,0.2210182398557663
0.05000299960374832,-0.6340397596359253,0.22606296837329865
0.05363348498940468,-0.632848858833313,0.22996389865875244
0.05725662410259247,-0.6319539546966553,0.23271676898002625
0.060868993401527405,-0.6313787698745728,0.2343183308839798
0.06446769833564758,-0.6311373710632324,0.23476603627204895
0.06805005669593811,-0.6312335729598999,0.2340579628944397
0.07161316275596619,-0.6316614151000977,0.23219263553619385
0.07515349239110947,-0.6324046850204468,0.2291695773601532
0.07866662740707397,-0.6334377527236938,0.22498926520347595
0.08214689791202545,-0.634725034236908,0.2196536511182785
0.08558715134859085,-0.6362223029136658,0.2131665199995041
0.0889785885810852,-0.637876570224762,0.20553433895111084
0.09231064468622208,-0.63962721824646,0.19676674902439117
0.09557092189788818,-0.6414065361022949,0.18687699735164642
0.09874522686004639,-0.6431406736373901,0.17588305473327637
0.10181761533021927,-0.6447502374649048,0.16380777955055237
0.10477055609226227,-0.6461523771286011,0.15067987143993378
0.1075851172208786,-0.6472606658935547,0.13653431832790375
0.11024118959903717,-0.6479870080947876,0.12141284346580505
0.11271779239177704,-0.6482428908348083,0.10536430776119232
0.1149933710694313,-0.6479401588439941,0.08844505250453949
0.11704619973897934,-0.6469926834106445,0.07071904838085175
0.11885471642017365,-0.6453173160552979,0.05225783586502075
0.12039797008037567,-0.6428353190422058,0.033140748739242554
0.12165611982345581,-0.639473557472229,0.0134543776512146
0.12261085212230682,-0.6351656913757324,-0.006707578897476196
0.12324586510658264,-0.6298531293869019,-0.02724483609199524
0.12354740500450134,-0.623486340045929,-0.048051267862319946
0.1235046535730362,-0.6160257458686829,-0.06901568174362183
0.12311030924320221,-0.607442319393158,-0.09002262353897095
0.12236088514328003,-0.5977190732955933,-0.11095403134822845
0.12125717103481293,-0.5868508815765381,-0.1316898763179779
0.1198045015335083,-0.5748454332351685,-0.1521100252866745
0.11801287531852722,-0.5617234706878662,-0.17209556698799133
0.11589717119932175,-0.5475184321403503,-0.19153061509132385
0.11347711086273193,-0.5322768688201904,-0.21030354499816895
0.11138784885406494,-0.5198776125907898,-0.2242339700460434
0.11116016656160355,-0.519869327545166,-0.22423918545246124
0.11080718040466309,-0.5198566913604736,-0.22424717247486115
0.11032848060131073,-0.5198395848274231,-0.22425790131092072
0.1097240224480629,-0.5198181867599487,-0.2242712527513504
0.10899406671524048,-0.5197924375534058,-0.22428710758686066
0.10813932120800018,-0.5197625160217285,-0.22430528700351715
0.10716082155704498,-0.5197287201881409,-0.22432561218738556
0.10605999827384949,-0.5196912288665771,-0.22434784471988678
0.10483870655298233,-0.5196501612663269,-0.2243717759847641
0.10349921882152557,-0.519605815410614,-0.22439710795879364
0.10204415023326874,-0.5195583701133728,-0.2244236022233963
0.10047653317451477,-0.5195083022117615,-0.2244509905576706
0.09879980236291885,-0.5194556713104248,-0.22447894513607025
0.09701772779226303,-0.5194010734558105,-0.22450722754001617
0.09513445943593979,-0.5193445682525635,-0.2245355099439621
0.09315449744462967,-0.5192866325378418,-0.22456364333629608
0.09108266234397888,-0.5192274451255798,-0.22459127008914948
0.0889241024851799,-0.5191673636436462,-0.22461824119091034
0.08668430149555206,-0.5191068649291992,-0.22464431822299957
0.08436901867389679,-0.5190460085868835,-0.22466932237148285
0.08198431134223938,-0.5189852118492126,-0.22469313442707062
0.07953652739524841,-0.5189245939254761,-0.22471560537815094
0.07703226804733276,-0.518864631652832,-0.22473664581775665
0.074478380382061,-0.5188054442405701,-0.22475622594356537
0.07188199460506439,-0.518747091293335,-0.22477425634860992
0.06925039738416672,-0.5186898112297058,-0.22479073703289032
0.06659114360809326,-0.5186339020729065,-0.22480569779872894
0.06391192972660065,-0.518579363822937,-0.22481916844844818
0.06122059375047684,-0.5185262560844421,-0.22483117878437042
0.05852509289979935,-0.518474817276001,-0.22484181821346283
0.05583345890045166,-0.5184250473976135,-0.22485117614269257
0.05315369740128517,-0.518376886844635,-0.2248593121767044
0.05049381032586098,-0.5183303952217102,-0.2248663455247879
0.047861646860837936,-0.5182857513427734,-0.22487236559391022
0.045264892280101776,-0.5182427167892456,-0.2248774617910385
0.04271097108721733,-0.518201470375061,-0.22488175332546234
0.04020696505904198,-0.5181618928909302,-0.22488535940647125
0.03775957226753235,-0.5181239247322083,-0.22488833963871002
0.035375017672777176,-0.5180877447128296,-0.22489075362682343
0.0330590195953846,-0.5180530548095703,-0.2248927503824234
0.030816759914159775,-0.51801997423172,-0.22489432990550995
0.028652828186750412,-0.5179884433746338,-0.224895641207695
0.02657127007842064,-0.5179584622383118,-0.2248966544866562
0.024575546383857727,-0.5179299116134644,-0.22489745914936066
0.02266862243413925,-0.5179027915000916,-0.2248980849981308
0.020852982997894287,-0.5178771615028381,-0.224898561835289
0.019130684435367584,-0.5178529620170593,-0.22489894926548004
0.017503466457128525,-0.5178301334381104,-0.22489921748638153
0.015972770750522614,-0.5178086757659912,-0.22489945590496063
0.014539852738380432,-0.5177886486053467,-0.22489960491657257
0.013205848634243011,-0.5177699327468872,-0.2248997539281845
0.01197180524468422,-0.5177527070045471,-0.22489981353282928
0.010838761925697327,-0.5177369117736816,-0.22489990293979645
0.009807784110307693,-0.5177224278450012,-0.22489996254444122
0.008880000561475754,-0.5177092552185059,-0.2248999923467636
0.008056603372097015,-0.5176977515220642,-0.224900022149086
0.007338840514421463,-0.5176875591278076,-0.224900022149086
0.006728053092956543,-0.5176789164543152,-0.2249000519514084
0.006225600838661194,-0.5176718831062317,-0.2249000519514084
0.005832888185977936,-0.5176662802696228,-0.22490008175373077
0.0055513083934783936,-0.5176622867584229,-0.22490008175373077
0.0053821951150894165,-0.5176598429679871,-0.22490008175373077
0.005326833575963974,-0.5176591277122498,-0.22490008175373077
0.005386378616094589,-0.5176599025726318,-0.22490008175373077
0.0032139569520950317,-0.5323814153671265,-0.20926985144615173
0.0011027529835700989,-0.5476238131523132,-0.19141152501106262
-0.0006949380040168762,-0.5619027018547058,-0.1728474497795105
-0.0021581295877695084,-0.5751626491546631,-0.1536773443222046
-0.0032704882323741913,-0.5873600244522095,-0.1340075135231018
-0.004020478576421738,-0.5984631180763245,-0.11394965648651123
-0.004401560872793198,-0.6084524989128113,-0.0936189591884613
-0.00441218726336956,-0.6173216104507446,-0.07313281297683716
-0.00405566580593586,-0.6250764727592468,-0.05260881781578064
-0.003339853137731552,-0.6317352056503296,-0.03216361999511719
-0.0022769514471292496,-0.6373281478881836,-0.011911183595657349
-0.0008828639984130859,-0.6418963670730591,0.008038341999053955
0.0008231494575738907,-0.6454915404319763,0.02758026123046875
0.0028191879391670227,-0.6481744647026062,0.046615779399871826
0.005081320181488991,-0.6500141024589539,0.06505310535430908
0.007584135979413986,-0.6510863304138184,0.0828080028295517
0.01030150055885315,-0.6514723300933838,0.09980447590351105
0.013207131996750832,-0.6512572765350342,0.11597438156604767
0.016275160014629364,-0.6505295634269714,0.13125795125961304
0.01948065124452114,-0.64937824010849,0.14560313522815704
0.022800089791417122,-0.6478928327560425,0.15896575152873993
0.02621169574558735,-0.6461609601974487,0.1713087260723114
0.02969573624432087,-0.6442680358886719,0.18260128796100616
0.033234696835279465,-0.6422953605651855,0.19281865656375885
0.036813389509916306,-0.6403193473815918,0.20194114744663239
0.040418922901153564,-0.6384105682373047,0.20995323359966278
0.04404065012931824,-0.6366328001022339,0.21684323251247406
0.04766999930143356,-0.6350421905517578,0.22260193526744843
0.05130021646618843,-0.6336866021156311,0.22722280025482178
0.054926082491874695,-0.6326051950454712,0.23070061206817627
0.058543577790260315,-0.6318277716636658,0.23303143680095673
0.06214950978755951,-0.6313745975494385,0.23421227931976318
0.06574109941720963,-0.6312557458877563,0.2342405617237091
0.0693155974149704,-0.6314718723297119,0.23311471939086914
0.07286988943815231,-0.6320131421089172,0.2308334857225418
0.07640016824007034,-0.6328601241111755,0.22739651799201965
0.07990153133869171,-0.6339834332466125,0.22280479967594147
0.08336780965328217,-0.6353447437286377,0.21706080436706543
0.08679124712944031,-0.6368967294692993,0.21016915142536163
0.09016238152980804,-0.6385836601257324,0.20213735103607178
0.093469999730587,-0.6403425931930542,0.1929762214422226
0.0967010110616684,-0.6421035528182983,0.18270047008991241
0.09984057396650314,-0.6437910795211792,0.1713297814130783
0.10287216305732727,-0.64532470703125,0.15888896584510803
0.10577769577503204,-0.6466200947761536,0.1454087644815445
0.10853779315948486,-0.6475906372070312,0.13092657923698425
0.11113200336694717,-0.6481481194496155,0.11548656225204468
0.11353912204504013,-0.6482042074203491,0.09914007782936096
0.11573749035596848,-0.6476715803146362,0.08194610476493835
0.11770542711019516,-0.6464653611183167,0.06397122144699097
0.1194215714931488,-0.6445039510726929,0.045289695262908936
0.1208653599023819,-0.6417108774185181,0.025983303785324097
0.12201748788356781,-0.6380153298377991,0.006141155958175659
0.12286034226417542,-0.6333537697792053,-0.014140844345092773
0.12337854504585266,-0.6276711225509644,-0.03476037085056305
0.12355935573577881,-0.6209211945533752,-0.05560959875583649
0.12339326739311218,-0.6130684018135071,-0.07657590508460999
0.12287431210279465,-0.6040880084037781,-0.09754312038421631
0.12200053781270981,-0.5939671993255615,-0.11839240789413452
0.12077435106039047,-0.582705557346344,-0.13900397717952728
0.11920271068811417,-0.5703152418136597,-0.15925827622413635
0.11729741841554642,-0.5568215847015381,-0.17903751134872437
0.1150750145316124,-0.5422627329826355,-0.19822746515274048
0.11255685985088348,-0.5266895890235901,-0.21671895682811737
0.11131981015205383,-0.5198751091957092,-0.22423551976680756
0.1110486090183258,-0.5198653936386108,-0.2242417186498642
0.11065208166837692,-0.5198511481285095,-0.2242506593465805
0.11012999713420868,-0.5198324918746948,-0.2242623120546341
0.10948240756988525,-0.5198095440864563,-0.2242765575647354
0.10870973765850067,-0.5197824239730835,-0.22429321706295013
0.10781282931566238,-0.5197513103485107,-0.22431214153766632
0.10679284483194351,-0.519716203212738,-0.22433312237262726
0.1056513786315918,-0.519677460193634,-0.22435595095157623
0.10439044237136841,-0.5196352601051331,-0.22438035905361176
0.10301238298416138,-0.5195897817611694,-0.22440610826015472
0.10152001678943634,-0.5195415019989014,-0.22443290054798126
0.099916473031044,-0.5194905996322632,-0.22446046769618988
0.09820528328418732,-0.5194373726844788,-0.2244885116815567
0.09639035165309906,-0.5193820595741272,-0.224516823887825
0.09447592496871948,-0.5193251371383667,-0.22454507648944855
0.09246660023927689,-0.5192668437957764,-0.22457300126552582
0.09036730229854584,-0.5192073583602905,-0.2246004194021225
0.08818325400352478,-0.5191471576690674,-0.2246270626783371
0.08592002093791962,-0.5190865993499756,-0.22465278208255768
0.08358342945575714,-0.5190258026123047,-0.22467736899852753
0.08117960393428802,-0.5189650654792786,-0.22470073401927948
0.07871495932340622,-0.5189048051834106,-0.2247227281332016
0.07619614154100418,-0.5188450813293457,-0.22474326193332672
0.07363006472587585,-0.5187861919403076,-0.22476230561733246
0.0710238665342331,-0.5187281966209412,-0.22477982938289642
0.06838491559028625,-0.518671452999115,-0.22479580342769623
0.06572074443101883,-0.5186159610748291,-0.22481025755405426
0.06303909420967102,-0.5185619592666626,-0.2248232215642929
0.06034780293703079,-0.5185094475746155,-0.22483478486537933
0.05765483155846596,-0.5184585452079773,-0.22484497725963593
0.05496816709637642,-0.518409252166748,-0.22485391795635223
0.05229581892490387,-0.5183616876602173,-0.22486169636249542
0.04964570701122284,-0.518315851688385,-0.22486837208271027
0.04702562093734741,-0.518271803855896,-0.2248740941286087
0.04444315657019615,-0.5182293653488159,-0.2248789221048355
0.04190561920404434,-0.5181886553764343,-0.22488297522068024
0.0394199900329113,-0.5181496143341064,-0.22488637268543243
0.03699281066656113,-0.518112301826477,-0.2248891443014145
0.03463016450405121,-0.5180765390396118,-0.22489143908023834
0.03233760967850685,-0.5180423855781555,-0.22489328682422638
0.030120160430669785,-0.5180098414421082,-0.22489477694034576
0.02798224240541458,-0.517978847026825,-0.22489599883556366
0.025927748531103134,-0.5179491639137268,-0.22489692270755768
0.023959994316101074,-0.5179211497306824,-0.22489766776561737
0.02208181470632553,-0.517894446849823,-0.22489826381206512
0.020295586436986923,-0.5178692936897278,-0.22489871084690094
0.018603257834911346,-0.5178455114364624,-0.2248990386724472
0.017006512731313705,-0.5178232192993164,-0.2248993068933487
0.015506714582443237,-0.5178021788597107,-0.2248995155096054
0.014105107635259628,-0.5177825689315796,-0.22489963471889496
0.01280280202627182,-0.5177643299102783,-0.2248997539281845
0.011600833386182785,-0.5177474617958069,-0.22489987313747406
0.010500259697437286,-0.5177320241928101,-0.22489993274211884
0.009502150118350983,-0.5177180767059326,-0.22489996254444122
0.008607648313045502,-0.5177054405212402,-0.2248999923467636
0.00781795009970665,-0.517694354057312,-0.224900022149086
0.007134344428777695,-0.5176846981048584,-0.224900022149086
0.006558135151863098,-0.5176765322685242,-0.2249000519514084
0.006090708076953888,-0.5176699757575989,-0.2249000519514084
0.0057334303855896,-0.5176649689674377,-0.22490008175373077
0.00548766553401947,-0.517661452293396,-0.22490008175373077
0.005354728549718857,-0.5176595449447632,-0.22490008175373077
0.0053358376026153564,-0.5176592469215393,-0.22490008175373077
0.004822228103876114,-0.5214741826057434,-0.22098970413208008
0.0025142990052700043,-0.5373181700706482,-0.2036859095096588
0.0005025789141654968,-0.5522443056106567,-0.18561513721942902
-0.0011890716850757599,-0.5661903619766235,-0.16687139868736267
-0.0025411993265151978,-0.5791046619415283,-0.14755631983280182
-0.003538992255926132,-0.5909474492073059,-0.1277778297662735
-0.004172544926404953,-0.6016908884048462,-0.10764852166175842
-0.004436925053596497,-0.6113198399543762,-0.0872841328382492
-0.004332151263952255,-0.6198318004608154,-0.06680189073085785
-0.003862975165247917,-0.6272363662719727,-0.04631893336772919
-0.0030386485159397125,-0.6335557103157043,-0.025950849056243896
-0.0018725208938121796,-0.6388235092163086,-0.00581011176109314
-0.0003815609961748123,-0.6430840492248535,0.013995081186294556
0.0014141779392957687,-0.6463918089866638,0.033362001180648804
0.003492148593068123,-0.6488101482391357,0.05219432711601257
0.00582798570394516,-0.6504099369049072,0.07040300965309143
0.008396103978157043,-0.6512686014175415,0.0879063755273819
0.011170348152518272,-0.6514683961868286,0.10463114082813263
0.014124587178230286,-0.6510952711105347,0.12051185965538025
0.01723330281674862,-0.6502378582954407,0.1354914754629135
0.020472034811973572,-0.648984968662262,0.14952051639556885
0.02381785959005356,-0.6474252939224243,0.16255705058574677
0.027249664068222046,-0.645645797252655,0.1745660901069641
0.03074844740331173,-0.6437302231788635,0.18551884591579437
0.03429745137691498,-0.6417584419250488,0.19539214670658112
0.0378822423517704,-0.6398047208786011,0.20416757464408875
0.04149065911769867,-0.6379375457763672,0.2118309736251831
0.0451127327978611,-0.6362181305885315,0.21837130188941956
0.04874046891927719,-0.6347000598907471,0.2237803339958191
0.05236763879656792,-0.6334285140037537,0.2280518263578415
0.05598940700292587,-0.6324396729469299,0.23118096590042114
0.0596020445227623,-0.6317604184150696,0.23316413164138794
0.06320251524448395,-0.6314079761505127,0.23399829864501953
0.06678806245326996,-0.6313896775245667,0.23368124663829803
0.0703558698296547,-0.6317028999328613,0.23221126198768616
0.07390263676643372,-0.6323350667953491,0.22958754003047943
0.07742422819137573,-0.6332637071609497,0.22580976784229279
0.08091537654399872,-0.6344571113586426,0.22087953984737396
0.08436942100524902,-0.6358740329742432,0.2147996574640274
0.08777814358472824,-0.6374648809432983,0.20757557451725006
0.09971266239881516,-0.636655330657959,0.20796185731887817
0.11166603863239288,-0.6359347701072693,0.20741797983646393
0.1236298605799675,-0.6353035569190979,0.2059304565191269
0.1355937123298645,-0.6347562074661255,0.2034836858510971
0.14754395186901093,-0.634282112121582,0.20006029307842255
0.15946297347545624,-0.63386470079422,0.19564127922058105
0.1713281273841858,-0.6334824562072754,0.19020622968673706
0.18311090767383575,-0.6331089735031128,0.1837340146303177
0.19477632641792297,-0.632712721824646,0.17620332539081573
0.2062821388244629,-0.632257878780365,0.16759321093559265
0.2175784707069397,-0.6317044496536255,0.157883882522583
0.22860747575759888,-0.6310083270072937,0.14705796539783478
0.23930324614048004,-0.6301219463348389,0.13510093092918396
0.2495918869972229,-0.6289941668510437,0.12200278043746948
0.2593916952610016,-0.627570629119873,0.10775883495807648
0.26861387491226196,-0.6257939338684082,0.09237132966518402
0.2771632671356201,-0.6236039400100708,0.07585074007511139
0.28493940830230713,-0.6209375262260437,0.058217525482177734
0.29183781147003174,-0.617729127407074,0.03950329124927521
0.2977520227432251,-0.6139111518859863,0.019753053784370422
0.30257534980773926,-0.6094138622283936,-0.0009736120700836182
0.30620336532592773,-0.6041659712791443,-0.022600382566452026
0.3085368871688843,-0.5980959534645081,-0.045033037662506104
0.3094850182533264,-0.5911325216293335,-0.06815817952156067
0.3089684247970581,-0.5832063555717468,-0.09184220433235168
0.30692344903945923,-0.5742517113685608,-0.11593115329742432
0.30330559611320496,-0.5642086267471313,-0.14025123417377472
0.2980935573577881,-0.5530254244804382,-0.16461002826690674
0.2912923991680145,-0.5406613945960999,-0.18879935145378113
0.2870354950428009,-0.5335668325424194,-0.2015673965215683
0.28648045659065247,-0.5335016846656799,-0.20173047482967377
0.28512632846832275,-0.5333432555198669,-0.20212499797344208
0.2829839885234833,-0.5330939888954163,-0.20273946225643158
0.2800719738006592,-0.5327579975128174,-0.20355583727359772
0.2764163613319397,-0.5323408246040344,-0.20455051958560944
0.2720497250556946,-0.5318493247032166,-0.20569540560245514
0.26701027154922485,-0.5312916040420532,-0.20695962011814117
0.26134058833122253,-0.5306763648986816,-0.20831088721752167
0.25508689880371094,-0.5300133228302002,-0.20971675217151642
0.24829746782779694,-0.529312252998352,-0.21114613115787506
0.2410217523574829,-0.5285834670066833,-0.2125701755285263
0.2333093285560608,-0.5278366804122925,-0.21396316587924957
0.22520889341831207,-0.5270817875862122,-0.21530304849147797
0.2167675495147705,-0.5263279676437378,-0.21657170355319977
0.20802998542785645,-0.5255836844444275,-0.21775509417057037
0.19903816282749176,-0.5248567461967468,-0.21884317696094513
0.18983088433742523,-0.5241540670394897,-0.21982957422733307
0.18044349551200867,-0.523481547832489,-0.2207113653421402
0.17090779542922974,-0.5228440165519714,-0.22148863971233368
0.16125214099884033,-0.5222452878952026,-0.22216393053531647
0.15150146186351776,-0.5216882228851318,-0.22274188697338104
0.14167743921279907,-0.5211746096611023,-0.2232287973165512
0.13179877400398254,-0.5207052230834961,-0.2236320823431015
0.12188149988651276,-0.5202797651290894,-0.2239600270986557
0.11193918436765671,-0.5198975205421448,-0.22422127425670624
0.10198336839675903,-0.5195564031600952,-0.22442470490932465
0.09202389419078827,-0.5192540884017944,-0.22457893192768097
0.08206918835639954,-0.5189872980117798,-0.22469229996204376
0.07212667167186737,-0.5187525153160095,-0.2247726172208786
0.06220303848385811,-0.5185455083847046,-0.22482697665691376
0.05230461806058884,-0.5183619260787964,-0.22486166656017303
0.04243762418627739,-0.5181970596313477,-0.22488220036029816
0.032608479261398315,-0.5180464386940002,-0.22489310801029205
0.022824041545391083,-0.5179049968719482,-0.22489802539348602
0.01309189572930336,-0.5177684426307678,-0.2248997539281845
0.01229226216673851,-0.5177571773529053,-0.22489981353282928
0.011507388204336166,-0.5177461504936218,-0.22489987313747406
0.010738112032413483,-0.5177354216575623,-0.22489990293979645
0.009985901415348053,-0.5177248120307922,-0.22489993274211884
0.009252723306417465,-0.5177146196365356,-0.22489996254444122
0.008541017770767212,-0.5177045464515686,-0.2248999923467636
0.007853694260120392,-0.517694890499115,-0.224900022149086
0.007194057106971741,-0.51768559217453,-0.224900022149086
0.006565798074007034,-0.5176767110824585,-0.2249000519514084
0.00597294420003891,-0.5176683664321899,-0.2249000519514084
0.005419768393039703,-0.5176604390144348,-0.22490008175373077
0.0049108341336250305,-0.517653226852417,-0.22490008175373077
0.0044508688151836395,-0.5176466703414917,-0.22490008175373077
0.004044733941555023,-0.5176408886909485,-0.22490008175373077
0.003697384148836136,-0.5176360011100769,-0.22490008175373077
0.003413774073123932,-0.5176318883895874,-0.22490008175373077
0.0031988322734832764,-0.5176288485527039,-0.22490008175373077
0.003057386726140976,-0.5176268219947815,-0.22490008175373077
0.0029941238462924957,-0.5176258087158203,-0.22490008175373077
0.0030135177075862885,-0.5176261067390442,-0.22490008175373077
0.003119785338640213,-0.5176277160644531,-0.22490008175373077
0.0033168382942676544,-0.5176304578781128,-0.22490008175373077
0.0031516849994659424,-0.5203914642333984,-0.2220805287361145
0.0008501522243022919,-0.5367832183837891,-0.204258531332016
-0.0011331383138895035,-0.5521515011787415,-0.18568025529384613
-0.0027774088084697723,-0.5664446949958801,-0.16644605994224548
-0.004066057503223419,-0.5796213150024414,-0.14666303992271423
-0.004986997693777084,-0.5916513204574585,-0.12644334137439728
-0.005532857030630112,-0.6025161743164062,-0.1059032529592514
-0.0057010650634765625,-0.612209141254425,-0.08516116440296173
-0.005493871867656708,-0.6207360029220581,-0.06433625519275665
-0.0049180928617715836,-0.6281142830848694,-0.04354691505432129
-0.003984879702329636,-0.6343731880187988,-0.022909343242645264
-0.0027093086391687393,-0.6395530700683594,-0.0025359690189361572
-0.0011099185794591904,-0.6437045335769653,0.017465293407440186
0.0007918812334537506,-0.6468878984451294,0.03699284791946411
0.0029723551124334335,-0.6491714119911194,0.05595165491104126
0.005406154319643974,-0.6506308317184448,0.07425431907176971
0.008066894486546516,-0.6513475179672241,0.09182122349739075
0.010927816852927208,-0.6514077186584473,0.10858099162578583
0.013962378725409508,-0.6509003639221191,0.1244707852602005
0.01714479550719261,-0.6499165296554565,0.13943572342395782
0.020450536161661148,-0.6485474705696106,0.15342871844768524
0.023856693878769875,-0.646883487701416,0.16641037166118622
0.02734234929084778,-0.6450127363204956,0.17834775149822235
0.030888767912983894,-0.6430200338363647,0.18921449780464172
0.03447955101728439,-0.6409854888916016,0.19898946583271027
0.03810068219900131,-0.6389837265014648,0.20765627920627594
0.041740454733371735,-0.6370828747749329,0.2152024209499359
0.04538935422897339,-0.6353438496589661,0.22161851823329926
0.04903988540172577,-0.633819580078125,0.22689782083034515
0.05268623307347298,-0.6325543522834778,0.2310352921485901
0.05632401257753372,-0.6315830945968628,0.23402732610702515
0.059949859976768494,-0.6309317350387573,0.23587118089199066
0.06356104463338852,-0.6306161284446716,0.23656488955020905
0.06715510785579681,-0.6306420564651489,0.23610690236091614
0.07072941958904266,-0.6310055255889893,0.23449629545211792
0.07428083568811417,-0.6316925287246704,0.23173277080059052
0.07780532538890839,-0.6326793432235718,0.22781683504581451
0.08129769563674927,-0.6339325904846191,0.2227504402399063
0.08475130796432495,-0.6354100108146667,0.2165372222661972
0.08815790712833405,-0.6370606422424316,0.20918311178684235
0.09150752425193787,-0.6388258337974548,0.2006971538066864
0.0947883278131485,-0.6406394839286804,0.19109173119068146
0.09798674285411835,-0.6424295902252197,0.18038363754749298
0.10108740627765656,-0.6441185474395752,0.16859441995620728
0.10407337546348572,-0.6456245183944702,0.15575121343135834
0.10692627727985382,-0.6468625664710999,0.14188708364963531
0.10962649434804916,-0.6477456092834473,0.12704189121723175
0.11215350031852722,-0.6481855511665344,0.11126220226287842
0.11448613554239273,-0.6480947732925415,0.09460186958312988
0.11660296469926834,-0.6473873853683472,0.07712222635746002
0.11848258972167969,-0.6459798812866211,0.05889217555522919
0.12010420858860016,-0.6437930464744568,0.039988160133361816
0.12144786864519119,-0.6407527923583984,0.020493924617767334
0.12249504774808884,-0.636791467666626,0.000500112771987915
0.12322904169559479,-0.6318486928939819,-0.019895702600479126
0.12363554537296295,-0.6258728504180908,-0.040590301156044006
0.1237030029296875,-0.6188218593597412,-0.061475127935409546
0.12342316657304764,-0.6106638312339783,-0.08243730664253235
0.12279140949249268,-0.601378321647644,-0.10336074233055115
0.12180720269680023,-0.5909566283226013,-0.1241273581981659
0.12047441303730011,-0.5794024467468262,-0.14461839199066162
0.11880142986774445,-0.5667321681976318,-0.16471590101718903
0.11680139601230621,-0.5529748201370239,-0.18430431187152863
0.1144922524690628,-0.5381725430488586,-0.20327189564704895
0.11189652234315872,-0.5223793983459473,-0.22151266038417816
0.11131107062101364,-0.5198748111724854,-0.22423575818538666
0.11100196838378906,-0.5198637247085571,-0.22424279153347015
0.11056846380233765,-0.5198481678962708,-0.22425253689289093
0.11001037806272507,-0.5198282599449158,-0.2242649644613266
0.10932787507772446,-0.5198041200637817,-0.22427989542484283
0.1085214763879776,-0.5197758674621582,-0.22429721057415009
0.10759208351373672,-0.5197436809539795,-0.22431673109531403
0.1065409854054451,-0.5197076201438904,-0.22433821856975555
0.10536986589431763,-0.51966792345047,-0.22436146438121796
0.10408078134059906,-0.5196250081062317,-0.22438623011112213
0.10267617553472519,-0.5195788741111755,-0.2244122475385666
0.10115890204906464,-0.5195299983024597,-0.22443921864032745
0.09953215718269348,-0.5194784998893738,-0.22446687519550323
0.09779953956604004,-0.5194249153137207,-0.22449500858783722
0.0959649533033371,-0.51936936378479,-0.22452323138713837
0.09403269737958908,-0.5193121433258057,-0.22455136477947235
0.09200736880302429,-0.519253671169281,-0.22457914054393768
0.0898938775062561,-0.5191941857337952,-0.22460635006427765
0.08769748359918594,-0.519133985042572,-0.22463275492191315
0.08542370796203613,-0.5190735459327698,-0.22465817630290985
0.08307836949825287,-0.5190129280090332,-0.22468246519565582
0.08066756278276443,-0.5189524292945862,-0.22470547258853912
0.0781976580619812,-0.5188923478126526,-0.2247270792722702
0.07567527145147324,-0.5188329815864563,-0.22474728524684906
0.07310725003480911,-0.5187743902206421,-0.22476597130298615
0.0705006793141365,-0.5187168717384338,-0.22478313744068146
0.067862868309021,-0.5186604857444763,-0.2247987538576126
0.0652012899518013,-0.5186054110527039,-0.22481288015842438
0.06252359598875046,-0.518551766872406,-0.22482554614543915
0.05983756482601166,-0.5184996724128723,-0.2248368114233017
0.05715106427669525,-0.5184491872787476,-0.2248467653989792
0.05447200685739517,-0.5184003114700317,-0.224855437874794
0.05180831253528595,-0.5183531641960144,-0.22486300766468048
0.04916780814528465,-0.5183077454566956,-0.2248694747686386
0.046558212488889694,-0.5182640552520752,-0.22487501800060272
0.04398702457547188,-0.5182219743728638,-0.2248796969652176
0.04146147891879082,-0.5181816220283508,-0.22488363087177277
0.03898847475647926,-0.5181428790092468,-0.2248869091272354
0.03657446801662445,-0.5181059241294861,-0.2248895913362503
0.034225497394800186,-0.5180705189704895,-0.224891796708107
0.03194703534245491,-0.5180366039276123,-0.22489358484745026
0.029744062572717667,-0.518004298210144,-0.22489501535892487
0.027620967477560043,-0.5179735422134399,-0.2248961478471756
0.02558160573244095,-0.5179442763328552,-0.22489707171916962
0.02362927421927452,-0.5179164409637451,-0.22489775717258453
0.0217667855322361,-0.5178900361061096,-0.2248983234167099
0.019996508955955505,-0.5178650617599487,-0.22489877045154572
0.018320437520742416,-0.5178415775299072,-0.22489909827709198
0.01674019917845726,-0.5178194046020508,-0.22489933669567108
0.015257220715284348,-0.517798662185669,-0.2248995453119278
0.013872724026441574,-0.5177792906761169,-0.22489969432353973
0.012587834149599075,-0.5177613496780396,-0.2248997837305069
0.011403597891330719,-0.517744779586792,-0.22489987313747406
0.010321080684661865,-0.5177295207977295,-0.22489993274211884
0.009341336786746979,-0.5177158117294312,-0.22489996254444122
0.008465506136417389,-0.5177034735679626,-0.2248999923467636
0.007694773375988007,-0.5176926255226135,-0.224900022149086
0.0070303454995155334,-0.517683207988739,-0.224900022149086
0.00647353008389473,-0.5176753997802734,-0.2249000519514084
0.0060256607830524445,-0.5176690816879272,-0.2249000519514084
0.005688037723302841,-0.5176642537117004,-0.22490008175373077
0.0054619647562503815,-0.5176609754562378,-0.22490008175373077
0.005348682403564453,-0.5176594257354736,-0.22490008175373077
0.005349300801753998,-0.5176594257354736,-0.22490008175373077
0.004420723766088486,-0.5241945385932922,-0.21814270317554474
0.002169158309698105,-0.5398340821266174,-0.20076864957809448
0.00021645799279212952,-0.5545507073402405,-0.18264910578727722
-0.0014145243912935257,-0.5682843923568726,-0.1638786941766739
-0.0027052611112594604,-0.5809860825538635,-0.1445593535900116
-0.003641938790678978,-0.5926184058189392,-0.12479889392852783
-0.004215545952320099,-0.6031560897827148,-0.1047094464302063
-0.004422059282660484,-0.6125860214233398,-0.08440598845481873
-0.004262249916791916,-0.6209078431129456,-0.06400467455387115
-0.003741532564163208,-0.6281332969665527,-0.04362131655216217
-0.0028697419911623,-0.6342858076095581,-0.02336999773979187
-0.001660674810409546,-0.6394006013870239,-0.0033614635467529297
-0.0001316014677286148,-0.6435232162475586,0.016298025846481323
0.0016972534358501434,-0.6467087864875793,0.03550750017166138
0.003803292289376259,-0.6490211486816406,0.0541728138923645
0.006162228062748909,-0.6505314111709595,0.07220667600631714
0.008748644962906837,-0.6513168215751648,0.08952948451042175
0.011536670848727226,-0.6514594554901123,0.10606971383094788
0.01450054906308651,-0.6510447263717651,0.12176361680030823
0.017615143209695816,-0.6501601934432983,0.13655565679073334
0.020856479182839394,-0.6488937139511108,0.15039779245853424
0.024202095344662666,-0.647333025932312,0.16324932873249054
0.02763139083981514,-0.6455636620521545,0.1750762164592743
0.031125832349061966,-0.6436678767204285,0.185850590467453
0.03466913104057312,-0.6417239904403687,0.19554993510246277
0.03824726492166519,-0.6398048400878906,0.20415647327899933
0.04184846207499504,-0.6379773616790771,0.21165619790554047
0.04546307027339935,-0.6363012194633484,0.21803848445415497
0.049083366990089417,-0.6348284482955933,0.223295196890831
0.052703313529491425,-0.6336027383804321,0.22742001712322235
0.056318238377571106,-0.6326588988304138,0.23040829598903656
0.05992448329925537,-0.6320226192474365,0.23225608468055725
0.06351901590824127,-0.6317096948623657,0.2329605519771576
0.06709906458854675,-0.6317263841629028,0.23251928389072418
0.07066173106431961,-0.6320691108703613,0.23093046247959137
0.07420356571674347,-0.6327245235443115,0.228192999958992
0.0777202770113945,-0.6336693167686462,0.22430703043937683
0.08120642602443695,-0.6348710060119629,0.2192736715078354
0.08465512096881866,-0.6362881660461426,0.21309620141983032
0.08805790543556213,-0.6378706693649292,0.2057800441980362
0.09140454232692719,-0.6395605802536011,0.1973337084054947
0.09468300640583038,-0.6412928104400635,0.1877693384885788
0.09787946939468384,-0.6429959535598755,0.17710347473621368
0.10097832977771759,-0.6445932388305664,0.16535747051239014
0.10396244376897812,-0.6460034847259521,0.1525581330060959
0.10681313276290894,-0.6471421718597412,0.13873860239982605
0.10951057076454163,-0.6479228734970093,0.12393869459629059
0.11203401535749435,-0.6482579708099365,0.10820487141609192
0.11436204612255096,-0.6480602025985718,0.09159143269062042
0.11647304892539978,-0.6472440958023071,0.07415986061096191
0.1183454692363739,-0.6457264423370361,0.055979445576667786
0.11995838582515717,-0.6434285640716553,0.037126898765563965
0.12129175662994385,-0.6402765512466431,0.017686575651168823
0.12232706695795059,-0.6362032890319824,-0.00225028395652771
0.12304769456386566,-0.6311488151550293,-0.022585809230804443
0.12343940883874893,-0.625062108039856,-0.04321601986885071
0.1234908476471901,-0.6179014444351196,-0.06403195858001709
0.12319400161504745,-0.6096358895301819,-0.08492022752761841
0.12254460155963898,-0.6002455949783325,-0.10576441884040833
0.12154241651296616,-0.5897225141525269,-0.12644609808921814
0.12019172310829163,-0.5780713558197021,-0.1468464434146881
0.11850135773420334,-0.5653092265129089,-0.166847363114357
0.11648490279912949,-0.5514662265777588,-0.18633344769477844
0.11416071653366089,-0.5365850925445557,-0.20519334077835083
0.11155175417661667,-0.5207210183143616,-0.2233213186264038
0.1112256571650505,-0.519871711730957,-0.22423769533634186
0.11090995371341705,-0.5198603868484497,-0.2242448478937149
0.11046942323446274,-0.5198445916175842,-0.22425474226474762
0.1099039763212204,-0.5198245048522949,-0.22426728904247284
0.10921386629343033,-0.5198001265525818,-0.224282369017601
0.10839970409870148,-0.5197716951370239,-0.22429980337619781
0.10746243596076965,-0.5197392106056213,-0.22431941330432892
0.10640344023704529,-0.5197029113769531,-0.2243409901857376
0.10522445291280746,-0.5196630954742432,-0.22436432540416718
0.1039276123046875,-0.5196199417114258,-0.22438912093639374
0.10251541435718536,-0.5195736885070801,-0.2244151383638382
0.10099076479673386,-0.5195246338844299,-0.22444213926792145
0.09935690462589264,-0.519473135471344,-0.22446979582309723
0.09761746227741241,-0.5194193124771118,-0.22449786961078644
0.09577642381191254,-0.5193637013435364,-0.2245260626077652
0.09383808076381683,-0.5193064212799072,-0.22455410659313202
0.09180706739425659,-0.5192479491233826,-0.2245817929506302
0.08968836069107056,-0.5191884636878967,-0.224608913064003
0.08748722076416016,-0.5191283226013184,-0.22463516891002655
0.08520917594432831,-0.5190678238868713,-0.2246604710817337
0.08286008983850479,-0.5190072655677795,-0.22468461096286774
0.08044606447219849,-0.5189469456672668,-0.2247074693441391
0.07797347009181976,-0.5188869833946228,-0.22472895681858063
0.07544895261526108,-0.5188276767730713,-0.22474898397922516
0.072879359126091,-0.5187692642211914,-0.2247675210237503
0.07027179002761841,-0.5187118649482727,-0.22478453814983368
0.06763353943824768,-0.5186556577682495,-0.22480003535747528
0.06497210264205933,-0.5186007022857666,-0.2248140126466751
0.06229512393474579,-0.5185472965240479,-0.22482655942440033
0.059610359370708466,-0.5184953212738037,-0.22483770549297333
0.0569256916642189,-0.5184450149536133,-0.22484754025936127
0.05424901843070984,-0.5183963775634766,-0.22485612332820892
0.05158822983503342,-0.5183494091033936,-0.22486357390880585
0.048951152712106705,-0.5183041095733643,-0.2248699814081192
0.04634547978639603,-0.5182604789733887,-0.22487543523311615
0.0437786765396595,-0.5182185769081116,-0.22488005459308624
0.04125795513391495,-0.5181783437728882,-0.22488392889499664
0.038790177553892136,-0.5181398391723633,-0.22488714754581451
0.03638178110122681,-0.5181030035018921,-0.22488979995250702
0.03403874486684799,-0.5180677175521851,-0.22489194571971893
0.03176654502749443,-0.5180339217185974,-0.2248937040567398
0.029570087790489197,-0.5180017948150635,-0.22489510476589203
0.02745376154780388,-0.5179711580276489,-0.22489623725414276
0.025421369820833206,-0.517941951751709,-0.2248971313238144
0.023476209491491318,-0.5179142355918884,-0.2248978167772293
0.021621040999889374,-0.5178880095481873,-0.22489838302135468
0.01985824480652809,-0.5178632140159607,-0.2248988002538681
0.018189772963523865,-0.5178397297859192,-0.22489912807941437
0.016617275774478912,-0.5178177356719971,-0.22489936649799347
0.015142150223255157,-0.51779705286026,-0.2248995453119278
0.013765644282102585,-0.5177778005599976,-0.22489969432353973
0.01248885691165924,-0.5177599787712097,-0.22489981353282928
0.011312868446111679,-0.5177434682846069,-0.22489987313747406
0.010238729417324066,-0.5177283883094788,-0.22489993274211884
0.009267527610063553,-0.5177147388458252,-0.22489996254444122
0.008400365710258484,-0.517702579498291,-0.2248999923467636
0.007638461887836456,-0.5176917910575867,-0.224900022149086
0.006983019411563873,-0.5176825523376465,-0.224900022149086
0.00643535703420639,-0.5176748037338257,-0.2249000519514084
0.005996763706207275,-0.517668604850769,-0.2249000519514084
0.005668573081493378,-0.5176640152931213,-0.22490008175373077
0.005452059209346771,-0.5176608562469482,-0.22490008175373077
0.005348436534404755,-0.5176594257354736,-0.22490008175373077
0.005358841270208359,-0.5176595449447632,-0.22490008175373077
0.004214674234390259,-0.5256083607673645,-0.2166437804698944
0.0019892435520887375,-0.54116290807724,-0.19920793175697327
6.463564932346344e-05,-0.5557894110679626,-0.18103531002998352
-0.0015366505831480026,-0.5694291591644287,-0.16222113370895386
-0.0027965232729911804,-0.5820339918136597,-0.1428678333759308
-0.003701593726873398,-0.5935676097869873,-0.12308347225189209
-0.0042433179914951324,-0.604005753993988,-0.10298046469688416
-0.0044180769473314285,-0.6133366823196411,-0.0826738178730011
-0.0042270477861166,-0.6215608716011047,-0.0622795969247818
-0.0036760754883289337,-0.6286911964416504,-0.0419134646654129
-0.0027753133326768875,-0.6347521543502808,-0.021688997745513916
-0.0015388652682304382,-0.6397796869277954,-0.0017165839672088623
1.5735626220703125e-05,-0.6438202857971191,0.017897993326187134
0.0018680430948734283,-0.6469298601150513,0.03705468773841858
0.0039953552186489105,-0.6491727232933044,0.05565962195396423
0.006373278796672821,-0.6506205797195435,0.0736265480518341
0.008976364508271217,-0.6513509154319763,0.09087659418582916
0.011778764426708221,-0.6514461636543274,0.1073388159275055
0.014754775911569595,-0.6509917974472046,0.1229504644870758
0.017879415303468704,-0.6500752568244934,0.13765648007392883
0.021128801628947258,-0.6487846374511719,0.15140961110591888
0.024480685591697693,-0.6472070813179016,0.16416971385478973
0.027914633974432945,-0.645427942276001,0.17590342462062836
0.031412333250045776,-0.643528938293457,0.1865832805633545
0.034957706928253174,-0.6415880918502808,0.19618713855743408
0.0385369211435318,-0.6396776437759399,0.20469768345355988
0.04213840886950493,-0.6378636360168457,0.21210116147994995
0.04575269669294357,-0.6362053155899048,0.218387171626091
0.04937221482396126,-0.6347537636756897,0.22354766726493835
0.05299106240272522,-0.6335521340370178,0.2275765836238861
0.056604646146297455,-0.6326342821121216,0.230469211935997
0.06020938232541084,-0.6320250034332275,0.2322218418121338
0.06380227208137512,-0.631739616394043,0.23283147811889648
0.06738055497407913,-0.6317832469940186,0.23229575157165527
0.0709412693977356,-0.6321516036987305,0.23061305284500122
0.07448092848062515,-0.6328306198120117,0.22778232395648956
0.07799514383077621,-0.6337961554527283,0.22380350530147552
0.08147834986448288,-0.635015070438385,0.21867811679840088
0.08492355048656464,-0.6364452838897705,0.21240946650505066
0.08832211047410965,-0.6380360126495361,0.20500321686267853
0.0916636735200882,-0.6397286653518677,0.19646817445755005
0.09493603557348251,-0.6414579153060913,0.18681681156158447
0.09812523424625397,-0.6431517601013184,0.1760658621788025
0.10121552646160126,-0.6447331309318542,0.1642370969057083
0.10418960452079773,-0.6461206078529358,0.15135802328586578
0.10702872276306152,-0.6472296118736267,0.13746210932731628
0.10971295833587646,-0.6479736566543579,0.12258966267108917
0.11222147941589355,-0.6482651233673096,0.10678787529468536
0.11453285813331604,-0.6480168700218201,0.09011141955852509
0.11662544310092926,-0.6471436619758606,0.07262250781059265
0.11847776174545288,-0.6455627679824829,0.05439101159572601
0.12006890773773193,-0.6431957483291626,0.035494208335876465
0.12137897312641144,-0.6399693489074707,0.016016989946365356
