-0.4154238700866699,-0.2967848479747772,-0.2200460135936737
-0.417908251285553,-0.29689300060272217,-0.22039127349853516
-0.4203313887119293,-0.29699626564979553,-0.2207164764404297
-0.4226885437965393,-0.2970947325229645,-0.22102180123329163
-0.42497652769088745,-0.2971884310245514,-0.2213076949119568
-0.4271942973136902,-0.2972775101661682,-0.22157493233680725
-0.4293420910835266,-0.29736220836639404,-0.22182434797286987
-0.4314211905002594,-0.297442764043808,-0.22205698490142822
-0.4334336817264557,-0.29751941561698914,-0.2222737967967987
-0.43538182973861694,-0.2975924015045166,-0.22247585654258728
-0.4372674822807312,-0.2976619303226471,-0.2226640284061432
-0.43909189105033875,-0.29772815108299255,-0.2228391170501709
-0.440855473279953,-0.2977912425994873,-0.22300183773040771
-0.44255709648132324,-0.2978512644767761,-0.22315272688865662
-0.44419461488723755,-0.2979081869125366,-0.22329223155975342
-0.4457642138004303,-0.29796209931373596,-0.223420649766922
-0.44726091623306274,-0.2980128228664398,-0.22353827953338623
-0.4486784040927887,-0.2980602979660034,-0.22364529967308044
-0.4500093460083008,-0.2981044054031372,-0.22374191880226135
-0.4512455463409424,-0.2981449067592621,-0.22382831573486328
-0.4523785710334778,-0.2981817126274109,-0.22390460968017578
-0.4533993899822235,-0.29821452498435974,-0.22397097945213318
-0.45429912209510803,-0.29824328422546387,-0.2240276336669922
-0.455069363117218,-0.2982677221298218,-0.22407472133636475
-0.4557018578052521,-0.29828765988349915,-0.22411248087882996
-0.45618945360183716,-0.2983029782772064,-0.2241409718990326
-0.4565255045890808,-0.2983134686946869,-0.2241603136062622
-0.45670443773269653,-0.29831910133361816,-0.2241705060005188
-0.45953360199928284,-0.29962119460105896,-0.2212459295988083
-0.4737323522567749,-0.30626150965690613,-0.2053922414779663
-0.48702001571655273,-0.31256669759750366,-0.18877343833446503
-0.49932852387428284,-0.318515419960022,-0.17149457335472107
-0.5106022357940674,-0.3240903317928314,-0.15366914868354797
-0.5207996368408203,-0.3292785584926605,-0.1354171633720398
-0.5298930406570435,-0.33407169580459595,-0.11686298251152039
-0.5378690958023071,-0.33846592903137207,-0.09813371300697327
-0.5447289347648621,-0.3424620032310486,-0.07935674488544464
-0.550487220287323,-0.34606510400772095,-0.06065809726715088
-0.5551718473434448,-0.349284827709198,-0.04216068983078003
-0.5588226914405823,-0.352134644985199,-0.023982524871826172
-0.5614904761314392,-0.3546319007873535,-0.006235390901565552
-0.5632354021072388,-0.3567972183227539,0.010976165533065796
-0.5641257166862488,-0.358654260635376,0.027556121349334717
-0.5642361640930176,-0.3602290749549866,0.04341733455657959
-0.5636460185050964,-0.3615499436855316,0.058482199907302856
-0.5624378323554993,-0.3626464009284973,0.07268258929252625
-0.5606957077980042,-0.36354923248291016,0.08596011996269226
-0.5585038661956787,-0.36428946256637573,0.09826581180095673
-0.5559449195861816,-0.3648982346057892,0.10955968499183655
-0.5530989170074463,-0.3654058575630188,0.11981037259101868
-0.5500422120094299,-0.3658417761325836,0.12899433076381683
-0.5468458533287048,-0.36623358726501465,0.13709545135498047
-0.5435754060745239,-0.36660701036453247,0.14410395920276642
-0.5402899980545044,-0.36698490381240845,0.15001632273197174
-0.537041425704956,-0.36738741397857666,0.15483395755290985
-0.5338742733001709,-0.36783117055892944,0.1585630476474762
-0.5308250188827515,-0.36832916736602783,0.16121378540992737
-0.5279223918914795,-0.36889058351516724,0.16280004382133484
-0.5251870155334473,-0.36952030658721924,0.16333860158920288
-0.5226315259933472,-0.37021905183792114,0.1628493219614029
-0.5202608704566956,-0.3709834814071655,0.16135437786579132
-0.5180723667144775,-0.37180596590042114,0.1588781327009201
-0.5160560011863708,-0.3726750910282135,0.1554470956325531
-0.5141952633857727,-0.3735758066177368,0.1510893702507019
-0.5124670267105103,-0.3744897246360779,0.14583466947078705
-0.5108428001403809,-0.3753957152366638,0.1397140473127365
-0.5092887282371521,-0.376270055770874,0.1327597051858902
-0.5077667236328125,-0.37708717584609985,0.1250048726797104
-0.5062352418899536,-0.3778199255466461,0.11648353934288025
-0.5046495199203491,-0.3784397840499878,0.10723057389259338
-0.5029631853103638,-0.37891751527786255,0.09728163480758667
-0.5011283159255981,-0.3792229890823364,0.08667317032814026
-0.49909651279449463,-0.3793256878852844,0.0754428505897522
-0.49681949615478516,-0.3791949152946472,0.06362950801849365
-0.4942496120929718,-0.3787994980812073,0.05127376317977905
-0.49134087562561035,-0.3781086206436157,0.038418084383010864
-0.4880489110946655,-0.3770914673805237,0.025107592344284058
-0.4843319356441498,-0.37571802735328674,0.011390119791030884
-0.4801509976387024,-0.37395888566970825,-0.0026831626892089844
-0.4754704236984253,-0.3717859387397766,-0.01705750823020935
-0.47025829553604126,-0.36917299032211304,-0.03167450428009033
-0.4644871950149536,-0.36609601974487305,-0.04647165536880493
-0.45813417434692383,-0.36253419518470764,-0.061382800340652466
-0.45118117332458496,-0.35847005248069763,-0.07633812725543976
-0.4436160624027252,-0.3538903594017029,-0.09126460552215576
-0.43543222546577454,-0.3487868309020996,-0.1060865968465805
-0.42662912607192993,-0.34315651655197144,-0.12072663009166718
-0.41721296310424805,-0.33700236678123474,-0.13510626554489136
-0.40719595551490784,-0.3303334414958954,-0.14914727210998535
-0.3965974748134613,-0.3231653571128845,-0.16277256608009338
-0.3854430317878723,-0.31552010774612427,-0.17590761184692383
-0.3737650215625763,-0.30742621421813965,-0.18848156929016113
-0.36160174012184143,-0.29891836643218994,-0.20042863488197327
-0.3534128665924072,-0.29314732551574707,-0.2078808844089508
-0.3535093665122986,-0.2931547462940216,-0.20790457725524902
-0.35369986295700073,-0.2931693196296692,-0.20795127749443054
-0.3539857268333435,-0.29319116473197937,-0.20802128314971924
-0.3543681800365448,-0.2932203412055969,-0.20811477303504944
-0.3548482656478882,-0.29325681924819946,-0.2082318365573883
-0.35542696714401245,-0.2933005690574646,-0.20837247371673584
-0.3561049997806549,-0.29335153102874756,-0.20853668451309204
-0.3568830192089081,-0.2934095859527588,-0.20872431993484497
-0.3577613830566406,-0.29347461462020874,-0.20893511176109314
-0.3587406575679779,-0.29354652762413025,-0.20916879177093506
-0.35982081294059753,-0.2936250865459442,-0.2094249725341797
-0.361002117395401,-0.2937100827693939,-0.20970317721366882
-0.3622843027114868,-0.29380130767822266,-0.2100028395652771
-0.36366719007492065,-0.29389849305152893,-0.2103232741355896
-0.36515021324157715,-0.29400137066841125,-0.21066373586654663
-0.36673271656036377,-0.294109582901001,-0.21102336049079895
-0.36841362714767456,-0.29422280192375183,-0.21140119433403015
-0.37019163370132446,-0.29434069991111755,-0.21179607510566711
-0.37206509709358215,-0.29446282982826233,-0.21220684051513672
-0.3740319013595581,-0.2945888340473175,-0.21263208985328674
-0.37608933448791504,-0.29471826553344727,-0.21307027339935303
-0.3782341778278351,-0.294850617647171,-0.2135198414325714
-0.380462646484375,-0.29498544335365295,-0.21397891640663147
-0.38277000188827515,-0.2951222062110901,-0.2144455909729004
-0.38515084981918335,-0.29526036977767944,-0.21491774916648865
-0.3875986635684967,-0.29539936780929565,-0.21539318561553955
-0.39010608196258545,-0.29553860425949097,-0.2158694863319397
-0.3926646113395691,-0.2956776022911072,-0.21634426712989807
-0.39526480436325073,-0.2958155870437622,-0.21681496500968933
-0.3978961408138275,-0.2959520220756531,-0.21727904677391052
-0.4005473852157593,-0.29608631134033203,-0.21773400902748108
-0.40320658683776855,-0.2962179481983185,-0.21817752718925476
-0.4058614671230316,-0.2963463068008423,-0.2186073660850525
-0.40849995613098145,-0.29647096991539,-0.2190215289592743
-0.4111101031303406,-0.29659152030944824,-0.21941843628883362
-0.4136810302734375,-0.2967076003551483,-0.21979674696922302
-0.41620320081710815,-0.2968190312385559,-0.22015559673309326
-0.41866856813430786,-0.2969256639480591,-0.22049453854560852
-0.4210709035396576,-0.2970273792743683,-0.22081345319747925
-0.42340606451034546,-0.29712432622909546,-0.22111257910728455
-0.42567166686058044,-0.297216534614563,-0.22139254212379456
-0.4278670847415924,-0.2973042130470276,-0.22165405750274658
-0.4299930930137634,-0.29738759994506836,-0.2218981385231018
-0.4320511519908905,-0.2974669337272644,-0.22212573885917664
-0.43404364585876465,-0.29754242300987244,-0.22233790159225464
-0.4359726309776306,-0.29761430621147156,-0.2225356101989746
-0.4378398656845093,-0.29768282175064087,-0.2227196991443634
-0.4396463930606842,-0.2977480888366699,-0.2228909730911255
-0.4413919448852539,-0.29781022667884827,-0.2230500876903534
-0.4430753290653229,-0.29786938428878784,-0.22319748997688293
-0.44469353556632996,-0.2979254126548767,-0.22333362698554993
-0.44624248147010803,-0.29797834157943726,-0.22345876693725586
-0.44771668314933777,-0.2980281412601471,-0.22357317805290222
-0.44910928606987,-0.2980746030807495,-0.22367700934410095
-0.45041272044181824,-0.29811766743659973,-0.22377046942710876
-0.4516185522079468,-0.2981570363044739,-0.22385373711585999
-0.4527179002761841,-0.2981926202774048,-0.22392690181732178
-0.45370209217071533,-0.2982242703437805,-0.22399023175239563
-0.45456185936927795,-0.2982516288757324,-0.2240438461303711
-0.4552890956401825,-0.2982746362686157,-0.22408795356750488
-0.4558757245540619,-0.2982931435108185,-0.22412267327308655
-0.45631465315818787,-0.2983068823814392,-0.22414818406105042
-0.45659974217414856,-0.2983158230781555,-0.22416454553604126
-0.456725537776947,-0.2983197271823883,-0.2241716980934143
-0.4644673764705658,-0.3019200265407562,-0.21593570709228516
-0.4783843755722046,-0.30845803022384644,-0.19978630542755127
-0.491362988948822,-0.31465208530426025,-0.18290457129478455
-0.5033389925956726,-0.3204822242259979,-0.1653989851474762
-0.5142613649368286,-0.32593247294425964,-0.14738604426383972
-0.524092972278595,-0.33099138736724854,-0.12898796796798706
-0.532811164855957,-0.33565229177474976,-0.11033090949058533
-0.540407657623291,-0.3399128317832947,-0.09154275059700012
-0.5468882918357849,-0.3437753915786743,-0.07275117933750153
-0.552272617816925,-0.3472467064857483,-0.054081857204437256
-0.5565930604934692,-0.35033780336380005,-0.035656630992889404
-0.5598936080932617,-0.3530636727809906,-0.017591923475265503
-0.5622286796569824,-0.3554428815841675,2.473592758178711e-06
-0.563662052154541,-0.3574973940849304,0.017024576663970947
-0.5642645955085754,-0.35925179719924927,0.03338107466697693
-0.5641131401062012,-0.36073315143585205,0.04898795485496521
-0.5632888078689575,-0.36197030544281006,0.06377068161964417
-0.5618751645088196,-0.3629935085773468,0.07766452431678772
-0.5599569082260132,-0.3638337552547455,0.09061433374881744
-0.5576181411743164,-0.3645223081111908,0.10257428884506226
-0.5549411773681641,-0.36509019136428833,0.11350759863853455
-0.5520050525665283,-0.3655676543712616,0.12338562309741974
-0.5488845109939575,-0.3659835755825043,0.13218781352043152
-0.5456490516662598,-0.36636489629745483,0.139900341629982
-0.5423621535301208,-0.36673659086227417,0.14651598036289215
-0.5390806198120117,-0.3671206831932068,0.1520329713821411
-0.5358536243438721,-0.36753594875335693,0.1564548909664154
-0.5327229499816895,-0.367997944355011,0.15978947281837463
-0.5297224521636963,-0.3685181736946106,0.1620483696460724
-0.5268779397010803,-0.3691043555736542,0.163246750831604
-0.5242069363594055,-0.36975985765457153,0.16340272128582
-0.5217193365097046,-0.3704838454723358,0.16253714263439178
-0.5194170475006104,-0.37127143144607544,0.1606731116771698
-0.5172947645187378,-0.3721134662628174,0.15783590078353882
-0.515339732170105,-0.3729971647262573,0.1540527194738388
-0.5135329961776733,-0.3739061653614044,0.149352565407753
-0.5118489861488342,-0.37482088804244995,0.14376549422740936
-0.5102572441101074,-0.37571921944618225,0.13732320070266724
-0.5087220072746277,-0.37657663226127625,0.13005821406841278
-0.5072036981582642,-0.3773668706417084,0.1220041811466217
-0.5056591629981995,-0.3780621886253357,0.11319532990455627
-0.5040431022644043,-0.37863361835479736,0.10366693139076233
-0.5023080110549927,-0.37905153632164,0.09345486760139465
-0.5004057288169861,-0.3792855739593506,0.08259609341621399
-0.4982876181602478,-0.37930506467819214,0.07112866640090942
-0.49590539932250977,-0.37907880544662476,0.05909207463264465
-0.49321192502975464,-0.3785759210586548,0.046527594327926636
-0.4901615381240845,-0.3777652978897095,0.03347885608673096
-0.48671072721481323,-0.37661629915237427,0.019991904497146606
-0.4828184247016907,-0.37509891390800476,0.006116002798080444
-0.4784468412399292,-0.3731840252876282,-0.00809621810913086
-0.4735616445541382,-0.37084418535232544,-0.022588521242141724
-0.46813252568244934,-0.3680537939071655,-0.03730073571205139
-0.46213337779045105,-0.3647898733615875,-0.05216875672340393
-0.45554319024086,-0.361032634973526,-0.06712460517883301
-0.4483461380004883,-0.35676613450050354,-0.08209702372550964
-0.44053196907043457,-0.35197895765304565,-0.09701161086559296
-0.43209654092788696,-0.34666481614112854,-0.11179158091545105
-0.42304185032844543,-0.34082287549972534,-0.12635865807533264
-0.41337651014328003,-0.33445852994918823,-0.14063408970832825
-0.40311551094055176,-0.3275834321975708,-0.154539555311203
-0.39228078722953796,-0.3202156126499176,-0.16799861192703247
-0.38090068101882935,-0.3123798966407776,-0.18093767762184143
-0.3690101206302643,-0.3041073977947235,-0.19328749179840088
-0.3566499948501587,-0.2954351603984833,-0.20498426258563995
-0.35344117879867554,-0.29314950108528137,-0.20788782835006714
-0.35357463359832764,-0.29315969347953796,-0.20792058110237122
-0.35380297899246216,-0.29317721724510193,-0.20797652006149292
-0.3541273772716522,-0.2932020127773285,-0.20805594325065613
-0.3545491397380829,-0.2932341396808624,-0.20815891027450562
-0.3550691306591034,-0.29327356815338135,-0.20828554034233093
-0.35568827390670776,-0.29332026839256287,-0.20843583345413208
-0.3564072847366333,-0.2933741509914398,-0.2086096704006195
-0.3572266101837158,-0.29343506693840027,-0.20880690217018127
-0.35814687609672546,-0.2935029864311218,-0.20902729034423828
-0.3591681718826294,-0.2935777008533478,-0.2092703878879547
-0.3602907359600067,-0.2936590313911438,-0.2095358967781067
-0.3615145683288574,-0.293746680021286,-0.20982322096824646
-0.36283940076828003,-0.2938404679298401,-0.21013179421424866
-0.3642648756504059,-0.29394012689590454,-0.2104608714580536
-0.3657904863357544,-0.2940453290939331,-0.21080970764160156
-0.36741527915000916,-0.2941557466983795,-0.21117734909057617
-0.3691381812095642,-0.2942710816860199,-0.21156272292137146
-0.370957612991333,-0.29439085721969604,-0.2119646966457367
-0.3728717863559723,-0.2945147752761841,-0.2123819887638092
-0.3748783469200134,-0.2946423590183258,-0.21281319856643677
-0.37697434425354004,-0.2947731614112854,-0.21325668692588806
-0.37915632128715515,-0.29490673542022705,-0.21371081471443176
-0.38141998648643494,-0.2950425148010254,-0.21417361497879028
-0.3837604522705078,-0.2951800525188446,-0.2146431803703308
-0.38617169857025146,-0.29531872272491455,-0.21511727571487427
-0.3886469006538391,-0.29545798897743225,-0.2155936062335968
-0.3911781311035156,-0.29559725522994995,-0.21606981754302979
-0.3937565088272095,-0.2957359254360199,-0.21654337644577026
-0.3963720500469208,-0.29587340354919434,-0.2170117199420929
-0.3990139663219452,-0.29600903391838074,-0.2174724042415619
-0.4016706347465515,-0.2961422801017761,-0.21792292594909668
-0.4043298363685608,-0.2962726056575775,-0.21836096048355103
-0.4069794714450836,-0.29639944434165955,-0.2187844216823578
-0.4096074104309082,-0.29652243852615356,-0.21919149160385132
-0.41220206022262573,-0.29664114117622375,-0.21958065032958984
-0.41475334763526917,-0.29675528407096863,-0.2199508249759674
-0.4172520637512207,-0.29686465859413147,-0.22030124068260193
-0.4196911156177521,-0.2969692051410675,-0.22063162922859192
-0.4220651686191559,-0.29706886410713196,-0.22094210982322693
-0.42437097430229187,-0.29716381430625916,-0.2212330400943756
-0.4266067445278168,-0.2972540557384491,-0.22150510549545288
-0.42877280712127686,-0.29733991622924805,-0.2217591404914856
-0.43087008595466614,-0.29742157459259033,-0.22199615836143494
-0.432900607585907,-0.29749923944473267,-0.22221717238426208
-0.434866726398468,-0.2975732386112213,-0.22242319583892822
-0.43677031993865967,-0.2976436913013458,-0.22261512279510498
-0.4386128783226013,-0.2977108955383301,-0.2227938175201416
-0.44039487838745117,-0.29777488112449646,-0.2229599952697754
-0.4421156942844391,-0.2978357672691345,-0.22311419248580933
-0.4437732696533203,-0.29789361357688904,-0.22325685620307922
-0.4453641176223755,-0.29794842004776,-0.2233884036540985
-0.4468834698200226,-0.2980000674724579,-0.2235090732574463
-0.4483250677585602,-0.2980484962463379,-0.22361904382705688
-0.44968181848526,-0.2980935871601105,-0.223718523979187
-0.450945645570755,-0.29813510179519653,-0.22380763292312622
-0.45210784673690796,-0.29817289113998413,-0.2238866090774536
-0.45315954089164734,-0.2982068359851837,-0.22395557165145874
-0.4540916085243225,-0.2982366681098938,-0.22401469945907593
-0.4548954367637634,-0.29826223850250244,-0.22406423091888428
-0.45556262135505676,-0.29828327894210815,-0.22410422563552856
-0.4560856819152832,-0.2982997000217438,-0.22413495182991028
-0.45645779371261597,-0.29831138253211975,-0.2241564393043518
-0.45667311549186707,-0.298318088054657,-0.22416871786117554
-0.4567268490791321,-0.2983197867870331,-0.22417178750038147
-0.4708581268787384,-0.30491167306900024,-0.2087448239326477
-0.48437634110450745,-0.3113044500350952,-0.19223254919052124
-0.49692317843437195,-0.3173428773880005,-0.1750343292951584
-0.5084402561187744,-0.32300865650177,-0.15726284682750702
-0.5188825130462646,-0.32828786969184875,-0.13903796672821045
-0.5282194018363953,-0.3331712484359741,-0.12048432230949402
-0.5364346504211426,-0.3376539349555969,-0.10172951221466064
-0.5435265898704529,-0.3417358696460724,-0.08290202915668488
-0.5495074391365051,-0.3454214036464691,-0.06412936747074127
-0.5544028878211975,-0.34871938824653625,-0.04553595185279846
-0.5582510232925415,-0.3516427278518677,-0.02724170684814453
-0.5611010193824768,-0.35420817136764526,-0.009360551834106445
-0.5630119442939758,-0.35643595457077026,0.008000940084457397
-0.5640513896942139,-0.35834944248199463,0.024744421243667603
-0.5642933249473572,-0.35997438430786133,0.04078054428100586
-0.5638171434402466,-0.3613390028476715,0.05602946877479553
-0.5627056360244751,-0.36247289180755615,0.07042104005813599
-0.5610432624816895,-0.363406777381897,0.08389490842819214
-0.5589150190353394,-0.36417195200920105,0.096400186419487
-0.5564044713973999,-0.3647998571395874,0.10789531469345093
-0.5535928010940552,-0.3653210997581482,0.11834733188152313
-0.5505574345588684,-0.3657655715942383,0.12773151695728302
-0.5473710298538208,-0.36616140604019165,0.13603049516677856
-0.5441006422042847,-0.3665347099304199,0.1432337462902069
-0.5408065915107727,-0.3669091463088989,0.1493367999792099
-0.5375422239303589,-0.36730527877807617,0.15434053540229797
-0.5343538522720337,-0.36774060130119324,0.15825049579143524
-0.5312791466712952,-0.3682286739349365,0.1610766351222992
-0.5283483266830444,-0.36877936124801636,0.1628323644399643
-0.5255833864212036,-0.3693982660770416,0.16353431344032288
-0.5229980945587158,-0.3700868487358093,0.16320209205150604
-0.5205987095832825,-0.37084221839904785,0.1618577092885971
-0.5183833837509155,-0.37165752053260803,0.15952542424201965
-0.5163432359695435,-0.3725218176841736,0.1562315970659256
-0.5144625306129456,-0.3734205365180969,0.1520041525363922
-0.5127187967300415,-0.3743356764316559,0.14687275886535645
-0.5110841989517212,-0.37524640560150146,0.1408684402704239
-0.5095252990722656,-0.3761293888092041,0.13402318954467773
-0.5080045461654663,-0.3769591450691223,0.12637017667293549
-0.50648033618927,-0.3777084946632385,0.11794327199459076
-0.5049082040786743,-0.378349244594574,0.10877731442451477
-0.5032416582107544,-0.37885183095932007,0.09890776872634888
-0.5014327168464661,-0.3791862726211548,0.08837100863456726
-0.49943262338638306,-0.3793218731880188,0.0772046446800232
-0.4971928000450134,-0.3792276978492737,0.06544724106788635
-0.4946654140949249,-0.37887251377105713,0.053139299154281616
-0.4918036460876465,-0.3782252073287964,0.04032313823699951
-0.48856282234191895,-0.37725475430488586,0.027043640613555908
-0.48490041494369507,-0.37593066692352295,0.013348400592803955
-0.480776846408844,-0.3742232620716095,-0.0007116496562957764
-0.47615569829940796,-0.37210407853126526,-0.015081971883773804
-0.47100451588630676,-0.3695463538169861,-0.029704183340072632
-0.46529489755630493,-0.3665255606174469,-0.04451611638069153
-0.45900318026542664,-0.3630201816558838,-0.05945149064064026
-0.45211061835289,-0.3590121269226074,-0.07444053888320923
-0.4446042478084564,-0.3544875681400299,-0.08941012620925903
-0.43647661805152893,-0.3494374454021454,-0.10428428649902344
-0.42772650718688965,-0.3438580334186554,-0.11898516118526459
-0.41835927963256836,-0.3377515971660614,-0.13343392312526703
-0.4083867371082306,-0.33112654089927673,-0.1475515067577362
-0.39782726764678955,-0.32399776577949524,-0.16126024723052979
-0.38670623302459717,-0.3163868188858032,-0.17448461055755615
-0.3750552237033844,-0.3083215057849884,-0.18715283274650574
-0.3629124164581299,-0.29983627796173096,-0.19919797778129578
-0.3534105122089386,-0.29314711689949036,-0.20788031816482544
-0.35349681973457336,-0.2931537628173828,-0.2079014778137207
-0.3536773920059204,-0.2931676208972931,-0.20794576406478882
-0.35395359992980957,-0.29318875074386597,-0.2080134153366089
-0.3543267846107483,-0.29321718215942383,-0.20810464024543762
-0.35479798913002014,-0.29325300455093384,-0.20821955800056458
-0.35536813735961914,-0.29329609870910645,-0.20835819840431213
-0.356037974357605,-0.2933465242385864,-0.20852047204971313
-0.3568080961704254,-0.2934040129184723,-0.20870628952980042
-0.3576790690422058,-0.29346856474876404,-0.20891541242599487
-0.35865116119384766,-0.29353994131088257,-0.20914748311042786
-0.35972458124160767,-0.2936180830001831,-0.20940223336219788
-0.36089950799942017,-0.29370275139808655,-0.20967909693717957
-0.3621757924556732,-0.29379361867904663,-0.20997753739356995
-0.363552987575531,-0.2938905358314514,-0.21029692888259888
-0.36503076553344727,-0.29399314522743225,-0.2106364369392395
-0.3666083514690399,-0.29410111904144287,-0.21099525690078735
-0.3682846426963806,-0.2942141592502594,-0.21137237548828125
-0.37005847692489624,-0.2943319082260132,-0.21176669001579285
-0.37192803621292114,-0.2944539487361908,-0.21217697858810425
-0.3738912045955658,-0.2945798933506012,-0.21260187029838562
-0.37594538927078247,-0.29470929503440857,-0.2130398452281952
-0.3780873417854309,-0.29484161734580994,-0.2134893238544464
-0.3803131878376007,-0.29497647285461426,-0.21394839882850647
-0.3826183080673218,-0.29511332511901855,-0.21441519260406494
-0.38499715924263,-0.2952515482902527,-0.2148875594139099
-0.3874434232711792,-0.29539066553115845,-0.21536332368850708
-0.3899495601654053,-0.2955300807952881,-0.21584007143974304
-0.3925071656703949,-0.2956691086292267,-0.216315358877182
-0.3951067328453064,-0.29580727219581604,-0.2167866826057434
-0.39773789048194885,-0.2959439158439636,-0.2172514796257019
-0.4003893733024597,-0.2960783839225769,-0.21770724654197693
-0.40304917097091675,-0.2962101995944977,-0.21815162897109985
-0.40570515394210815,-0.296338826417923,-0.2185823917388916
-0.4083450734615326,-0.2964637279510498,-0.21899756789207458
-0.41095712780952454,-0.29658451676368713,-0.21939551830291748
-0.4135304093360901,-0.29670092463493347,-0.21977493166923523
-0.41605526208877563,-0.2968125343322754,-0.2201349139213562
-0.41852372884750366,-0.29691946506500244,-0.2204749584197998
-0.42092958092689514,-0.2970214784145355,-0.22079497575759888
-0.42326852679252625,-0.2971186637878418,-0.2210952639579773
-0.42553818225860596,-0.2972111701965332,-0.22137632966041565
-0.4277380406856537,-0.2972991168498993,-0.22163894772529602
-0.42986860871315,-0.29738274216651917,-0.2218841016292572
-0.43193167448043823,-0.2974623739719391,-0.2221127450466156
-0.43392929434776306,-0.2975381314754486,-0.22232592105865479
-0.43586358428001404,-0.2976103127002716,-0.22252461314201355
-0.4377364218235016,-0.29767903685569763,-0.22270971536636353
-0.43954867124557495,-0.29774460196495056,-0.22288188338279724
-0.4413003921508789,-0.2978070080280304,-0.22304189205169678
-0.44298991560935974,-0.2978663444519043,-0.22319015860557556
-0.44461461901664734,-0.29792267084121704,-0.22332710027694702
-0.4461701214313507,-0.29797589778900146,-0.22345301508903503
-0.4476509690284729,-0.2980259358882904,-0.2235681414604187
-0.44905027747154236,-0.2980726659297943,-0.22367268800735474
-0.4503604769706726,-0.29811596870422363,-0.22376680374145508
-0.4515729546546936,-0.2981555759906769,-0.22385063767433167
-0.4526788294315338,-0.2981913983821869,-0.22392436861991882
-0.45366910099983215,-0.29822319746017456,-0.2239881455898285
-0.4545348882675171,-0.2982507646083832,-0.22404217720031738
-0.4552675783634186,-0.2982739806175232,-0.22408664226531982
-0.45585915446281433,-0.2982925772666931,-0.22412171959877014
-0.4563024938106537,-0.29830652475357056,-0.2241474986076355
-0.45659133791923523,-0.29831552505493164,-0.22416406869888306
-0.45672038197517395,-0.29831957817077637,-0.22417142987251282
-0.4643873870372772,-0.3018842339515686,-0.2160194367170334
-0.4783390164375305,-0.30843743681907654,-0.19983971118927002
-0.49134835600852966,-0.31464526057243347,-0.18292412161827087
-0.5033508539199829,-0.32048749923706055,-0.16538196802139282
-0.5142952799797058,-0.3259482979774475,-0.14733047783374786
-0.5241442322731018,-0.33101600408554077,-0.12889261543750763
-0.5328750610351562,-0.3356838822364807,-0.1101953536272049
-0.5404794216156006,-0.3399496376514435,-0.09136733412742615
-0.5469635128974915,-0.34381580352783203,-0.07253704965114594
-0.5523470640182495,-0.34728917479515076,-0.053830891847610474
-0.5566627979278564,-0.35038089752197266,-0.035371333360672
-0.559955358505249,-0.3531060814857483,-0.01727539300918579
-0.5622795224189758,-0.3554835617542267,0.0003466308116912842
-0.5636997222900391,-0.35753533244132996,0.017392337322235107
-0.5642872452735901,-0.35928627848625183,0.0337681770324707
-0.5641197562217712,-0.36076369881629944,0.04938974976539612
-0.5632787346839905,-0.3619966208934784,0.0641825795173645
-0.5618484020233154,-0.36301544308662415,0.07808166742324829
-0.5599139332771301,-0.3638514280319214,0.09103204309940338
-0.5575599670410156,-0.36453598737716675,0.10298788547515869
-0.5548689365386963,-0.36510032415390015,0.11391253769397736
-0.551920473575592,-0.3655747175216675,0.12377774715423584
-0.5487895011901855,-0.36598822474479675,0.13256293535232544
-0.5455458164215088,-0.36636796593666077,0.1402546912431717
-0.542252779006958,-0.36673879623413086,0.14684602618217468
-0.5389673113822937,-0.36712273955345154,0.15233556926250458
-0.5357387065887451,-0.3675386905670166,0.15672700107097626
-0.5326085090637207,-0.3680020272731781,0.16002856194972992
-0.5296103954315186,-0.36852431297302246,0.16225199401378632
-0.5267698764801025,-0.36911293864250183,0.1634129285812378
-0.5241044163703918,-0.36977124214172363,0.1635296493768692
-0.5216233730316162,-0.3704982399940491,0.16262321174144745
-0.5193284749984741,-0.37128889560699463,0.16071705520153046
-0.5172138214111328,-0.3721337914466858,0.15783658623695374
-0.515266478061676,-0.37302008271217346,0.15400923788547516
-0.5134669542312622,-0.37393105030059814,0.14926394820213318
-0.5117893218994141,-0.3748471140861511,0.1436311900615692
-0.5102026462554932,-0.37574589252471924,0.13714246451854706
-0.5086708068847656,-0.3766027092933655,0.12983059883117676
-0.5071539282798767,-0.3773912191390991,0.12172912061214447
-0.5056084990501404,-0.3780832886695862,0.11287239193916321
-0.5039887428283691,-0.37865012884140015,0.10329574346542358
-0.5022470951080322,-0.37906166911125183,0.09303513169288635
-0.5003350973129272,-0.3792874813079834,0.08212757110595703
-0.49820375442504883,-0.3792966306209564,0.07061111927032471
-0.4958047866821289,-0.37905800342559814,0.05852559208869934
-0.49309074878692627,-0.3785402476787567,0.04591241478919983
-0.4900159239768982,-0.3777121901512146,0.032815515995025635
-0.4865366518497467,-0.37654298543930054,0.01928117871284485
-0.4826119840145111,-0.37500250339508057,0.0053591132164001465
-0.47820407152175903,-0.3730615973472595,-0.008897632360458374
-0.4732784628868103,-0.37069258093833923,-0.023432284593582153
-0.46780508756637573,-0.36786991357803345,-0.038184016942977905
-0.46175798773765564,-0.36457058787345886,-0.05308830738067627
-0.45511630177497864,-0.3607749342918396,-0.06807643175125122
-0.4478646516799927,-0.3564671576023102,-0.08307652175426483
-0.4399929642677307,-0.35163614153862,-0.09801352024078369
-0.4314975440502167,-0.34627577662467957,-0.11281010508537292
-0.42238086462020874,-0.340385764837265,-0.12738752365112305
-0.41265207529067993,-0.33397191762924194,-0.14166633784770966
-0.40232688188552856,-0.3270464241504669,-0.15556803345680237
-0.39142775535583496,-0.3196280002593994,-0.1690158247947693
-0.37998366355895996,-0.3117420971393585,-0.18193599581718445
-0.3680303394794464,-0.30342042446136475,-0.19425931572914124
-0.35560938715934753,-0.29470086097717285,-0.20592202246189117
-0.35345032811164856,-0.2931501567363739,-0.20789006352424622
-0.3535914123058319,-0.293161004781723,-0.20792469382286072
-0.3538277745246887,-0.29317909479141235,-0.20798259973526
-0.35416075587272644,-0.29320454597473145,-0.20806407928466797
-0.3545914888381958,-0.2932373285293579,-0.20816925168037415
-0.3551209568977356,-0.29327747225761414,-0.20829814672470093
-0.3557499647140503,-0.29332491755485535,-0.2084507942199707
-0.35647913813591003,-0.29337945580482483,-0.20862701535224915
-0.3573091924190521,-0.29344117641448975,-0.2088267207145691
-0.3582403361797333,-0.29350990056991577,-0.20904958248138428
-0.35927292704582214,-0.29358533024787903,-0.20929527282714844
-0.36040711402893066,-0.29366740584373474,-0.20956331491470337
-0.3616427183151245,-0.29375582933425903,-0.20985320210456848
-0.3629797101020813,-0.2938503324985504,-0.21016430854797363
-0.36441749334335327,-0.29395073652267456,-0.2104959487915039
-0.3659554719924927,-0.29405662417411804,-0.21084722876548767
-0.36759281158447266,-0.294167697429657,-0.2112172544002533
-0.36932826042175293,-0.2942836880683899,-0.21160495281219482
-0.37116026878356934,-0.29440411925315857,-0.21200913190841675
-0.3730868697166443,-0.2945285737514496,-0.2124285101890564
-0.3751055896282196,-0.2946566641330719,-0.21286162734031677
-0.3772135376930237,-0.2947879433631897,-0.21330684423446655
-0.37940698862075806,-0.2949219048023224,-0.21376246213912964
-0.3816816806793213,-0.295058012008667,-0.2142266035079956
-0.3840324878692627,-0.2951958179473877,-0.21469715237617493
-0.386453241109848,-0.29533469676971436,-0.2151719629764557
-0.38893693685531616,-0.2954740822315216,-0.21564874053001404
-0.3914756178855896,-0.2956134080886841,-0.21612504124641418
-0.39406007528305054,-0.29575201869010925,-0.21659833192825317
-0.3966802954673767,-0.29588934779167175,-0.21706610918045044
-0.3993253707885742,-0.2960248291492462,-0.2175258994102478
-0.40198343992233276,-0.2961577773094177,-0.21797513961791992
-0.40464261174201965,-0.2962877154350281,-0.2184116244316101
-0.4072904586791992,-0.29641416668891907,-0.2188332974910736
-0.4099150002002716,-0.2965366244316101,-0.2192383110523224
-0.4125050902366638,-0.2966547906398773,-0.21962526440620422
-0.41505032777786255,-0.2967684268951416,-0.21999311447143555
-0.4175422191619873,-0.2968771755695343,-0.22034114599227905
-0.41997379064559937,-0.29698118567466736,-0.2206692099571228
-0.42233994603157043,-0.29708030819892883,-0.22097733616828918
-0.4246377646923065,-0.2971746623516083,-0.2212660312652588
-0.42686590552330017,-0.29726442694664,-0.22153598070144653
-0.42902451753616333,-0.29734981060028076,-0.22178807854652405
-0.43111491203308105,-0.29743099212646484,-0.22202324867248535
-0.4331391453742981,-0.29750826954841614,-0.2222425937652588
-0.43509936332702637,-0.29758188128471375,-0.22244703769683838
-0.436997652053833,-0.29765206575393677,-0.22263756394386292
-0.43883514404296875,-0.29771894216537476,-0.2228149175643921
-0.4406122863292694,-0.2977825999259949,-0.2229798138141632
-0.44232800602912903,-0.29784318804740906,-0.22313278913497925
-0.4439801871776581,-0.2979007959365845,-0.22327429056167603
-0.4455649256706238,-0.2979552745819092,-0.2234046459197998
-0.44707727432250977,-0.2980065941810608,-0.2235240936279297
-0.4485107362270355,-0.29805469512939453,-0.22363290190696716
-0.4498580992221832,-0.2980993688106537,-0.223731130361557
-0.45111095905303955,-0.2981404960155487,-0.2238190472126007
-0.45226049423217773,-0.2981778681278229,-0.22389677166938782
-0.4532977342605591,-0.2982112765312195,-0.22396445274353027
-0.45421361923217773,-0.2982405722141266,-0.22402232885360718
-0.4549993872642517,-0.2982654869556427,-0.22407051920890808
-0.45564690232276917,-0.29828596115112305,-0.2241092026233673
-0.45614853501319885,-0.29830166697502136,-0.22413858771324158
-0.4564976394176483,-0.29831263422966003,-0.22415870428085327
-0.4566884934902191,-0.2983185946941376,-0.22416961193084717
-0.45888110995292664,-0.29932141304016113,-0.2219240963459015
-0.47318053245544434,-0.3060040771961212,-0.20603683590888977
-0.4865639805793762,-0.31234949827194214,-0.1893737018108368
-0.49896183609962463,-0.3183358907699585,-0.1720409095287323
-0.5103176832199097,-0.3239456117153168,-0.15415310859680176
-0.5205886363983154,-0.3291654586791992,-0.13583168387413025
-0.5297465920448303,-0.3339868187904358,-0.11720260977745056
-0.5377777814865112,-0.3384057879447937,-0.09839439392089844
-0.5446830987930298,-0.34242308139801025,-0.07953622937202454
-0.5504772663116455,-0.3460438847541809,-0.06075561046600342
-0.5551885962486267,-0.3492778539657593,-0.0421769917011261
-0.5588573217391968,-0.3521386981010437,-0.023919880390167236
-0.5615349411964417,-0.35464388132095337,-0.0060974061489105225
-0.5632824301719666,-0.356814444065094,0.011184930801391602
-0.5641690492630005,-0.3586742877960205,0.02782982587814331
-0.5642703771591187,-0.36024975776672363,0.043749451637268066
-0.5636669993400574,-0.3615696132183075,0.05886542797088623
-0.562442421913147,-0.36266374588012695,0.07310929894447327
-0.5606818199157715,-0.36356329917907715,0.08642229437828064
-0.5584702491760254,-0.3642996549606323,0.09875515103340149
-0.5558915138244629,-0.3649042844772339,0.11006802320480347
-0.5530263781547546,-0.36540794372558594,0.1203296035528183
-0.5499518513679504,-0.3658401668071747,0.12951643764972687
-0.5467398166656494,-0.36622893810272217,0.13761281967163086
-0.5434561967849731,-0.36660000681877136,0.14460937678813934
-0.5401603579521179,-0.36697661876678467,0.15050284564495087
-0.5369044542312622,-0.36737877130508423,0.1552952378988266
-0.5337330102920532,-0.36782321333885193,0.1589931845664978
-0.5306826829910278,-0.3683229088783264,0.16160736978054047
-0.5277819633483887,-0.3688868284225464,0.16315209865570068
-0.5250510573387146,-0.3695198595523834,0.16364459693431854
-0.5225024819374084,-0.3702225387096405,0.16310535371303558
-0.5201404094696045,-0.37099123001098633,0.1615566909313202
-0.517961859703064,-0.3718181252479553,0.1590234935283661
-0.5159562826156616,-0.3726915717124939,0.15553255379199982
-0.5141063928604126,-0.37359619140625,0.15111230313777924
-0.5123885273933411,-0.3745133876800537,0.14579257369041443
-0.5107733011245728,-0.3754216134548187,0.13960470259189606
-0.5092264413833618,-0.37629711627960205,0.13258099555969238
-0.507709264755249,-0.37711387872695923,0.12475466728210449
-0.5061793327331543,-0.3778444826602936,0.11615997552871704
-0.5045914649963379,-0.378460168838501,0.10683172941207886
-0.5028986930847168,-0.37893134355545044,0.09680566191673279
-0.5010526180267334,-0.3792276382446289,0.08611848950386047
-0.4990043044090271,-0.3793181777000427,0.07480788230895996
-0.4967051148414612,-0.37917178869247437,0.06291291117668152
-0.4941071569919586,-0.37875717878341675,0.050474613904953
-0.49116387963294983,-0.37804293632507324,0.03753584623336792
-0.4878308176994324,-0.37699806690216064,0.024142205715179443
-0.4840659201145172,-0.37559205293655396,0.010342121124267578
-0.4798300564289093,-0.37379521131515503,-0.0038123726844787598
-0.4750874638557434,-0.3715793192386627,-0.01826581358909607
-0.4698064923286438,-0.36891791224479675,-0.032958656549453735
-0.46395954489707947,-0.36578691005706787,-0.04782751202583313
-0.45752397179603577,-0.3621653914451599,-0.06280496716499329
-0.4504823386669159,-0.3580361008644104,-0.07782012224197388
-0.44282257556915283,-0.35338613390922546,-0.09279873967170715
-0.4345388412475586,-0.34820756316185,-0.10766395926475525
-0.4256313741207123,-0.3424980640411377,-0.12233734130859375
-0.41610705852508545,-0.33626121282577515,-0.1367393434047699
-0.4059792160987854,-0.3295069634914398,-0.15079088509082794
-0.39526817202568054,-0.32225191593170166,-0.1644141972064972
-0.3840007483959198,-0.31451907753944397,-0.17753422260284424
-0.372210294008255,-0.3063381612300873,-0.19007986783981323
-0.3599366247653961,-0.2977451682090759,-0.20198523998260498
-0.35342419147491455,-0.2931481897830963,-0.20788368582725525
-0.35353273153305054,-0.29315653443336487,-0.20791029930114746
-0.35373619198799133,-0.29317212104797363,-0.20796018838882446
-0.3540359139442444,-0.293194979429245,-0.20803356170654297
-0.3544332683086395,-0.29322531819343567,-0.2081306278705597
-0.35492897033691406,-0.29326295852661133,-0.2082514762878418
-0.3555241823196411,-0.293307900428772,-0.2083960473537445
-0.3562195599079132,-0.2933600842952728,-0.2085643708705902
-0.35701560974121094,-0.2934194505214691,-0.20875617861747742
-0.35791289806365967,-0.2934857904911041,-0.20897135138511658
-0.35891151428222656,-0.2935590445995331,-0.20920944213867188
-0.36001184582710266,-0.2936388850212097,-0.20947012305259705
-0.3612137734889984,-0.2937251925468445,-0.20975282788276672
-0.36251717805862427,-0.29381775856018066,-0.21005699038505554
-0.3639216721057892,-0.293916255235672,-0.21038195490837097
-0.36542680859565735,-0.2940203845500946,-0.21072688698768616
-0.3670315742492676,-0.2941298484802246,-0.21109086275100708
-0.3687348961830139,-0.2942442297935486,-0.21147289872169495
-0.3705354332923889,-0.29436326026916504,-0.2118718922138214
-0.3724313974380493,-0.29448649287223816,-0.21228650212287903
-0.3744203448295593,-0.29461345076560974,-0.21271532773971558
-0.37649956345558167,-0.29474377632141113,-0.21315684914588928
-0.37866562604904175,-0.29487693309783936,-0.21360936760902405
-0.38091444969177246,-0.2950124740600586,-0.21407100558280945
-0.38324105739593506,-0.2951497733592987,-0.2145397663116455
-0.38563990592956543,-0.2952883839607239,-0.2150135636329651
-0.38810402154922485,-0.29542768001556396,-0.21549004316329956
-0.3906257450580597,-0.2955670952796936,-0.2159668505191803
-0.3931965231895447,-0.2957060933113098,-0.21644151210784912
-0.39580628275871277,-0.2958439290523529,-0.2169114649295807
-0.39844465255737305,-0.2959800660610199,-0.21737417578697205
-0.40109995007514954,-0.2961139380931854,-0.2178272306919098
-0.40376025438308716,-0.29624491930007935,-0.21826821565628052
-0.406413197517395,-0.2963726222515106,-0.2186950445175171
-0.40904682874679565,-0.2964964509010315,-0.21910575032234192
-0.41164952516555786,-0.2966161072254181,-0.21949884295463562
-0.4142106771469116,-0.29673120379447937,-0.2198731005191803
-0.4167211651802063,-0.2968416213989258,-0.22022777795791626
-0.4191734194755554,-0.2969472110271454,-0.22056248784065247
-0.4215618968009949,-0.2970479130744934,-0.22087723016738892
-0.4238828420639038,-0.2971438467502594,-0.22117233276367188
-0.42613452672958374,-0.2972351312637329,-0.22144845128059387
-0.42831650376319885,-0.29732197523117065,-0.22170642018318176
-0.4304299056529999,-0.29740455746650696,-0.22194716334342957
-0.4324765205383301,-0.2974831461906433,-0.22217169404029846
-0.43445858359336853,-0.2975579798221588,-0.22238105535507202
-0.4363780915737152,-0.2976292669773102,-0.22257620096206665
-0.4382365942001343,-0.2976972162723541,-0.22275790572166443
-0.44003474712371826,-0.297762006521225,-0.22292694449424744
-0.4417720139026642,-0.2978236675262451,-0.22308385372161865
-0.443446546792984,-0.2978822886943817,-0.22322919964790344
-0.4450550377368927,-0.2979378402233124,-0.22336328029632568
-0.4465928077697754,-0.29799023270606995,-0.22348636388778687
-0.44805386662483215,-0.29803943634033203,-0.2235986888408661
-0.44943109154701233,-0.2980853021144867,-0.22370043396949768
-0.45071640610694885,-0.2981276214122772,-0.22379174828529358
-0.4519011378288269,-0.2981662154197693,-0.22387278079986572
-0.4529762864112854,-0.29820096492767334,-0.22394374012947083
-0.45393282175064087,-0.2982316017150879,-0.22400477528572083
-0.454761803150177,-0.298257976770401,-0.22405609488487244
-0.4554547667503357,-0.29827988147735596,-0.2240978181362152
-0.45600396394729614,-0.2982971668243408,-0.22413018345832825
-0.45640236139297485,-0.2983096241950989,-0.22415325045585632
-0.4566441476345062,-0.29831719398498535,-0.2241670787334442
-0.4567241668701172,-0.2983196973800659,-0.22417160868644714
-0.4688118100166321,-0.3039536476135254,-0.21108277142047882
-0.4824977517127991,-0.310410737991333,-0.19464057683944702
-0.49521714448928833,-0.31651464104652405,-0.17749378085136414
-0.5069093108177185,-0.32224637269973755,-0.1597549021244049
-0.5175269842147827,-0.3275913596153259,-0.14154362678527832
-0.5270374417304993,-0.33253949880599976,-0.12298493087291718
-0.5354223847389221,-0.3370855152606964,-0.1042071133852005
-0.5426784157752991,-0.34122854471206665,-0.0853395015001297
-0.5488160252571106,-0.3449726104736328,-0.06651058793067932
-0.553859293460846,-0.34832584857940674,-0.047846198081970215
-0.5578452348709106,-0.3513009250164032,-0.02946758270263672
-0.560822069644928,-0.35391420125961304,-0.011490195989608765
-0.5628480911254883,-0.3561856150627136,0.005977720022201538
-0.5639903545379639,-0.35813838243484497,0.022836297750473022
-0.5643229484558105,-0.35979825258255005,0.03899452090263367
-0.5639250874519348,-0.3611931800842285,0.05437105894088745
-0.5628796815872192,-0.36235296726226807,0.06889429688453674
-0.5612719655036926,-0.3633083999156952,0.08250245451927185
-0.5591871738433838,-0.3640909194946289,0.09514342248439789
-0.5567097067832947,-0.3647320866584778,0.10677456855773926
-0.5539215803146362,-0.3652629852294922,0.11736184358596802
-0.5509011745452881,-0.36571356654167175,0.1268797367811203
-0.5477220416069031,-0.36611250042915344,0.13531017303466797
-0.5444521307945251,-0.366486132144928,0.14264193177223206
-0.5411530137062073,-0.36685866117477417,0.14887011051177979
-0.5378791093826294,-0.36725103855133057,0.15399520099163055
-0.534677267074585,-0.3676811158657074,0.15802252292633057
-0.5315864086151123,-0.3681630492210388,0.16096168756484985
-0.5286377668380737,-0.36870697140693665,0.16282594203948975
-0.5258539915084839,-0.3693190813064575,0.16363176703453064
-0.5232497453689575,-0.3700011968612671,0.16339871287345886
-0.520831823348999,-0.37075090408325195,0.1621485948562622
-0.5185992121696472,-0.3715617060661316,0.15990571677684784
-0.5165435671806335,-0.372422993183136,0.1566961109638214
-0.5146496295928955,-0.37332040071487427,0.1525479257106781
-0.5128952860832214,-0.3742363452911377,0.14749065041542053
-0.5112531185150146,-0.37515008449554443,0.14155516028404236
-0.5096899271011353,-0.3760383129119873,0.1347733438014984
-0.50816810131073,-0.3768758475780487,0.1271783709526062
-0.5066463947296143,-0.3776354193687439,0.11880402266979218
-0.5050802826881409,-0.37828871607780457,0.10968506336212158
-0.5034232139587402,-0.3788062632083893,0.09985688328742981
-0.5016269087791443,-0.3791578412055969,0.08935591578483582
-0.4996424913406372,-0.379312664270401,0.07821953296661377
-0.4974212944507599,-0.37923961877822876,0.06648647785186768
-0.4949147701263428,-0.37890732288360596,0.054197102785110474
-0.4920760691165924,-0.3782843053340912,0.04139375686645508
-0.48885995149612427,-0.3773394227027893,0.028121203184127808
-0.4852235019207001,-0.37604188919067383,0.01442718505859375
-0.4811265766620636,-0.37436172366142273,0.00036266446113586426
-0.4765324890613556,-0.3722701072692871,-0.014017879962921143
-0.4714081287384033,-0.3697398900985718,-0.028655916452407837
-0.4657247066497803,-0.36674630641937256,-0.04348909854888916
-0.45945805311203003,-0.36326736211776733,-0.05845102667808533
-0.45258912444114685,-0.35928457975387573,-0.07347172498703003
-0.4451042115688324,-0.3547837734222412,-0.08847756683826447
-0.4369957447052002,-0.3497554659843445,-0.10339240729808807
-0.42826205492019653,-0.3441956639289856,-0.11813785135746002
-0.41890817880630493,-0.33810627460479736,-0.13263458013534546
-0.4089456796646118,-0.33149534463882446,-0.14680300652980804
-0.3983927071094513,-0.32437756657600403,-0.16056475043296814
-0.38727444410324097,-0.3167742192745209,-0.17384369671344757
-0.3756224811077118,-0.30871322751045227,-0.18656741082668304
-0.36347484588623047,-0.30022871494293213,-0.1986682265996933
-0.35341113805770874,-0.29314717650413513,-0.20788046717643738
-0.3534928262233734,-0.29315346479415894,-0.2079005241394043
-0.3536691665649414,-0.29316696524620056,-0.20794373750686646
-0.3539414703845978,-0.29318782687187195,-0.2080104649066925
-0.35431113839149475,-0.2932160198688507,-0.208100825548172
-0.3547791540622711,-0.29325157403945923,-0.20821496844291687
-0.3553464412689209,-0.2932944893836975,-0.2083529233932495
-0.35601377487182617,-0.2933446764945984,-0.20851463079452515
-0.3567817807197571,-0.2934020459651947,-0.20869994163513184
-0.35765087604522705,-0.2934664487838745,-0.20890867710113525
-0.3586215376853943,-0.29353782534599304,-0.20914044976234436
-0.35969388484954834,-0.2936159074306488,-0.20939496159553528
-0.3608679175376892,-0.2937004864215851,-0.20967167615890503
-0.36214351654052734,-0.29379135370254517,-0.20997005701065063
-0.36352044343948364,-0.29388827085494995,-0.21028941869735718
-0.3649981617927551,-0.2939909100532532,-0.21062898635864258
-0.3665758967399597,-0.2940988838672638,-0.2109878957271576
-0.36825260519981384,-0.2942120134830475,-0.21136519312858582
-0.37002694606781006,-0.29432982206344604,-0.21175971627235413
-0.37189728021621704,-0.2944519817829132,-0.21217027306556702
-0.3738613724708557,-0.29457801580429077,-0.21259546279907227
-0.3759165406227112,-0.2947074770927429,-0.2130337357521057
-0.3780595064163208,-0.29483991861343384,-0.2134835124015808
-0.38028645515441895,-0.2949748933315277,-0.21394294500350952
-0.38259273767471313,-0.2951118052005768,-0.21441006660461426
-0.3849727213382721,-0.29525014758110046,-0.2148827612400055
-0.3874199390411377,-0.295389324426651,-0.21535882353782654
-0.38992708921432495,-0.2955288290977478,-0.215835839509964
-0.3924855589866638,-0.29566794633865356,-0.21631139516830444
-0.3950859308242798,-0.2958061993122101,-0.21678295731544495
-0.3977177143096924,-0.29594287276268005,-0.21724793314933777
-0.40036970376968384,-0.2960774302482605,-0.2177039086818695
-0.4030298888683319,-0.29620930552482605,-0.21814844012260437
-0.4105209708213806,-0.296564519405365,-0.21932995319366455
-0.41832828521728516,-0.2969110906124115,-0.22044846415519714
-0.42645296454429626,-0.29724791646003723,-0.22148668766021729
-0.4348942041397095,-0.2975742518901825,-0.22242599725723267
-0.443649023771286,-0.2978892922401428,-0.22324639558792114
-0.45271217823028564,-0.29819247126579285,-0.22392651438713074
-0.46207505464553833,-0.29848313331604004,-0.2244442105293274
-0.4717261493206024,-0.29876092076301575,-0.22477641701698303
-0.4816494584083557,-0.2990254759788513,-0.22489982843399048
-0.491824746131897,-0.29927653074264526,-0.2247912883758545
-0.5022266507148743,-0.29951396584510803,-0.22442841529846191
-0.5128239393234253,-0.29973772168159485,-0.22379040718078613
-0.5235791802406311,-0.2999478578567505,-0.22285905480384827
-0.534448504447937,-0.30014434456825256,-0.2216196358203888
-0.5453802347183228,-0.30032745003700256,-0.22006234526634216
-0.5563159584999084,-0.3004973232746124,-0.21818366646766663
-0.5671889185905457,-0.30065423250198364,-0.21598780155181885
-0.5779249668121338,-0.3007984161376953,-0.21348819136619568
-0.5884429812431335,-0.30093029141426086,-0.21070906519889832
-0.5986545085906982,-0.3010500967502594,-0.2076869010925293
-0.608465850353241,-0.3011581599712372,-0.20447108149528503
-0.6177785992622375,-0.30125489830970764,-0.20112475752830505
-0.6264917254447937,-0.3013405203819275,-0.19772446155548096
-0.6345035433769226,-0.30141544342041016,-0.1943589150905609
-0.6417139768600464,-0.30147987604141235,-0.19112661480903625
-0.6480275392532349,-0.30153411626815796,-0.18813234567642212
-0.65335613489151,-0.3015784025192261,-0.18548202514648438
-0.6576211452484131,-0.30161285400390625,-0.1832769513130188
-0.6607572436332703,-0.3016376793384552,-0.18160685896873474
-0.6627140045166016,-0.3016529083251953,-0.18054348230361938
-0.6634582877159119,-0.3016586899757385,-0.18013468384742737
-0.6668693423271179,-0.3027053475379944,-0.17324651777744293
-0.6787853837013245,-0.30638325214385986,-0.14724302291870117
-0.6882414817810059,-0.30975547432899475,-0.12147332727909088
-0.6953416466712952,-0.3128584027290344,-0.09617286920547485
-0.7002210021018982,-0.31572771072387695,-0.07153628766536713
-0.7030348181724548,-0.3183968663215637,-0.04771904647350311
-0.7039512395858765,-0.32089632749557495,-0.024841293692588806
-0.7031440734863281,-0.3232528269290924,-0.002992883324623108
-0.7007877826690674,-0.32548925280570984,0.017761364579200745
-0.6970541477203369,-0.32762467861175537,0.037376612424850464
-0.6921094059944153,-0.3296751379966736,0.055823370814323425
-0.6861135959625244,-0.33165353536605835,0.07308442890644073
-0.6792183518409729,-0.33357077836990356,0.08915182948112488
-0.6715673804283142,-0.3354361057281494,0.10402466356754303
-0.6632956266403198,-0.3372575342655182,0.1177079826593399
-0.6545293927192688,-0.3390427231788635,0.13021115958690643
-0.6453858017921448,-0.34079891443252563,0.14154744148254395
-0.6359730958938599,-0.3425334393978119,0.1517331451177597
-0.6263902187347412,-0.3442540168762207,0.16078726947307587
-0.616727352142334,-0.34596872329711914,0.16873091459274292
-0.6070651412010193,-0.34768587350845337,0.17558681964874268
-0.5974752902984619,-0.34941425919532776,0.18137890100479126
-0.5880204439163208,-0.35116273164749146,0.18613207340240479
-0.5787543058395386,-0.3529399633407593,0.18987153470516205
-0.5697216987609863,-0.3547542989253998,0.19262266159057617
-0.5609591007232666,-0.35661330819129944,0.19441023468971252
-0.5524942874908447,-0.3585233986377716,0.19525845348834991
-0.5443475842475891,-0.3604894280433655,0.19519074261188507
-0.5365312099456787,-0.36251428723335266,0.19422920048236847
-0.5290501713752747,-0.36459845304489136,0.1923946738243103
-0.5219029188156128,-0.3667396306991577,0.18970675766468048
-0.5150815844535828,-0.36893224716186523,0.1861838698387146
-0.5085722208023071,-0.37116730213165283,0.18184316158294678
-0.5023558735847473,-0.373431921005249,0.17670100927352905
-0.502111554145813,-0.3746354281902313,0.16843537986278534
-0.5018901824951172,-0.37577611207962036,0.15958359837532043
-0.501641035079956,-0.3768324851989746,0.15017281472682953
-0.5013154149055481,-0.37778353691101074,0.14022700488567352
-0.5008660554885864,-0.37860769033432007,0.12976780533790588
-0.500247597694397,-0.3792833089828491,0.11881476640701294
-0.4994165897369385,-0.37978798151016235,0.1073865294456482
-0.4983307719230652,-0.38009852170944214,0.09550142288208008
-0.4969496428966522,-0.3801910877227783,0.0831780731678009
-0.4952341914176941,-0.3800406754016876,0.0704362690448761
-0.493146687746048,-0.3796215355396271,0.057297706604003906
-0.49065089225769043,-0.3789070248603821,0.04378688335418701
-0.4877120554447174,-0.37787002325057983,0.029931455850601196
-0.48429739475250244,-0.3764827847480774,0.015763133764266968
-0.4803760349750519,-0.37471798062324524,0.001318126916885376
-0.4759196639060974,-0.37254855036735535,-0.013362616300582886
-0.4709027409553528,-0.36994868516921997,-0.02823290228843689
-0.46530288457870483,-0.36689427495002747,-0.0432412326335907
-0.4591015875339508,-0.3633638024330139,-0.058331042528152466
-0.4522845149040222,-0.35933881998062134,-0.0734407901763916
-0.44484207034111023,-0.3548048436641693,-0.08850441873073578
-0.43676963448524475,-0.3497520983219147,-0.10345208644866943
-0.42806848883628845,-0.3441760838031769,-0.11821109056472778
-0.41874533891677856,-0.33807799220085144,-0.13270670175552368
-0.40881335735321045,-0.33146539330482483,-0.1468634009361267
-0.3982919454574585,-0.3243522644042969,-0.16060607135295868
-0.38720691204071045,-0.3167591989040375,-0.17386145889759064
-0.37559008598327637,-0.308713436126709,-0.18655943870544434
-0.36347997188568115,-0.30024850368499756,-0.19863420724868774
-0.3533927798271179,-0.2931457757949829,-0.20787593722343445
-0.35347867012023926,-0.293152391910553,-0.20789703726768494
-0.3536575436592102,-0.2931661009788513,-0.207940936088562
-0.3539312481880188,-0.29318705201148987,-0.20800796151161194
-0.3543011546134949,-0.293215274810791,-0.2080983817577362
-0.3547683656215668,-0.29325076937675476,-0.20821234583854675
-0.3553340435028076,-0.2932935655117035,-0.20834991335868835
-0.3559989333152771,-0.29334357380867004,-0.20851105451583862
-0.3567638099193573,-0.29340073466300964,-0.20869562029838562
-0.35762912034988403,-0.29346486926078796,-0.20890343189239502
-0.35859525203704834,-0.29353588819503784,-0.20913422107696533
-0.35966259241104126,-0.29361361265182495,-0.20938754081726074
-0.36083096265792847,-0.2936978340148926,-0.2096630036830902
-0.3621004521846771,-0.29378828406333923,-0.20996001362800598
-0.3634707033634186,-0.2938847541809082,-0.21027791500091553
-0.3649413585662842,-0.2939869463443756,-0.21061599254608154
-0.36651161313056946,-0.2940945327281952,-0.2109733521938324
-0.36818045377731323,-0.2942071855068207,-0.21134904026985168
-0.3699466586112976,-0.2943245768547058,-0.21174195408821106
-0.3718084692955017,-0.29444625973701477,-0.21215090155601501
-0.37376391887664795,-0.29457181692123413,-0.21257451176643372
-0.3758103847503662,-0.29470086097717285,-0.2130112648010254
-0.3779447376728058,-0.29483288526535034,-0.2134595811367035
-0.3801630139350891,-0.2949674427509308,-0.21391767263412476
-0.3824608623981476,-0.2951040267944336,-0.2143835723400116
-0.38483282923698425,-0.2952421009540558,-0.21485522389411926
-0.387272447347641,-0.29538100957870483,-0.21533042192459106
-0.3897726833820343,-0.2955203354358673,-0.215806782245636
-0.3923250734806061,-0.2956593334674835,-0.216281920671463
-0.394920289516449,-0.2957974672317505,-0.21675324440002441
-0.39754796028137207,-0.29593414068222046,-0.2172183394432068
-0.40019699931144714,-0.2960687577724457,-0.2176746129989624
-0.40285563468933105,-0.2962007522583008,-0.21811971068382263
-0.40551161766052246,-0.2963295876979828,-0.21855145692825317
-0.4081527590751648,-0.29645469784736633,-0.21896779537200928
-0.4107673764228821,-0.2965758442878723,-0.21936705708503723
-0.4133443832397461,-0.29669255018234253,-0.21974793076515198
-0.41587409377098083,-0.29680460691452026,-0.2201094627380371
-0.4183482527732849,-0.29691192507743835,-0.22045114636421204
-0.42076045274734497,-0.29701435565948486,-0.2207728624343872
-0.4231063723564148,-0.29711198806762695,-0.22107478976249695
-0.4253833293914795,-0.2972049117088318,-0.22135746479034424
-0.4275905191898346,-0.2972932457923889,-0.22162163257598877
-0.4297283887863159,-0.2973772883415222,-0.22186824679374695
-0.4317985773086548,-0.2974572479724884,-0.22209826111793518
-0.4338029623031616,-0.2975333631038666,-0.22231268882751465
-0.4357437491416931,-0.29760584235191345,-0.22251254320144653
-0.437622606754303,-0.29767492413520813,-0.2226986587047577
-0.43944060802459717,-0.29774072766304016,-0.2228718101978302
-0.4411976933479309,-0.2978034019470215,-0.22303268313407898
-0.4428924322128296,-0.2978629469871521,-0.22318175435066223
-0.4445221722126007,-0.29791948199272156,-0.22331947088241577
-0.44608280062675476,-0.2979729175567627,-0.2234461009502411
-0.4475686550140381,-0.29802319407463074,-0.22356188297271729
-0.44897323846817017,-0.29807010293006897,-0.22366705536842346
-0.45028889179229736,-0.2981135845184326,-0.22376173734664917
-0.45150724053382874,-0.2981534004211426,-0.2238461673259735
-0.45261940360069275,-0.2981894612312317,-0.22392046451568604
-0.4536163806915283,-0.29822149872779846,-0.22398480772972107
-0.45448926091194153,-0.29824933409690857,-0.22403937578201294
-0.45522964000701904,-0.2982727587223053,-0.22408437728881836
-0.4558294117450714,-0.2982916831970215,-0.22411996126174927
-0.45628148317337036,-0.298305869102478,-0.2241462767124176
-0.45657941699028015,-0.298315167427063,-0.22416338324546814
-0.4567180573940277,-0.2983195185661316,-0.22417128086090088
-0.46348217129707336,-0.30146172642707825,-0.21700862050056458
-0.47747892141342163,-0.3080305755138397,-0.20089206099510193
-0.4905391335487366,-0.31425589323043823,-0.1840347945690155
-0.5025976300239563,-0.3201172649860382,-0.16654542088508606
-0.5136022567749023,-0.32559847831726074,-0.14854024350643158
-0.5235152244567871,-0.330687940120697,-0.13014188408851624
-0.53231281042099,-0.3353784382343292,-0.11147674918174744
-0.5399858951568604,-0.33966755867004395,-0.09267312288284302
-0.5465399026870728,-0.3435574471950531,-0.07385924458503723
-0.5519935488700867,-0.3470546007156372,-0.05516129732131958
-0.5563787817955017,-0.35016995668411255,-0.03670176863670349
-0.5597392916679382,-0.3529183268547058,-0.01859787106513977
-0.5621293187141418,-0.355318158864975,-0.0009599030017852783
-0.5636122226715088,-0.3573914170265198,0.016109317541122437
-0.564258873462677,-0.35916250944137573,0.03251594305038452
-0.5641462802886963,-0.3606586158275604,0.048175156116485596
-0.5633554458618164,-0.36190861463546753,0.06301188468933105
-0.5619703531265259,-0.3629426956176758,0.07696083188056946
-0.5600757598876953,-0.3637920022010803,0.08996638655662537
-0.5577561259269714,-0.3644878566265106,0.10198217630386353
-0.5550940036773682,-0.36506134271621704,0.11297100782394409
-0.5521687269210815,-0.36554282903671265,0.12290404736995697
-0.5490555763244629,-0.3659614324569702,0.1317601501941681
-0.5458244681358337,-0.3663442134857178,0.13952556252479553
-0.5425391793251038,-0.3667161464691162,0.14619262516498566
-0.5392568111419678,-0.3670995831489563,0.1517595797777176
-0.536027193069458,-0.3675134778022766,0.15622976422309875
-0.5328922271728516,-0.3679734766483307,0.15961070358753204
-0.5298861265182495,-0.36849135160446167,0.16191412508487701
-0.5270350575447083,-0.3690749406814575,0.16315500438213348
-0.5243569016456604,-0.3697279095649719,0.16335129737854004
-0.5218617916107178,-0.3704494833946228,0.1625237613916397
-0.5195518732070923,-0.3712349832057953,0.16069544851779938
-0.517422080039978,-0.3720754384994507,0.15789148211479187
-0.5154597759246826,-0.3729581832885742,0.1541389375925064
-0.5136461853981018,-0.37386688590049744,0.14946666359901428
-0.5119560360908508,-0.37478214502334595,0.14390452206134796
-0.5103586912155151,-0.3756818175315857,0.13748414814472198
-0.5088187456130981,-0.3765414357185364,0.13023795187473297
-0.5072964429855347,-0.37733471393585205,0.12219949066638947
-0.5057487487792969,-0.37803369760513306,0.11340293288230896
-0.5041301250457764,-0.3786095380783081,0.1038835346698761
-0.5023932456970215,-0.3790323734283447,0.0936771035194397
-0.5004897117614746,-0.3792716860771179,0.08282065391540527
-0.49837055802345276,-0.3792966306209564,0.07135236263275146
-0.49598756432533264,-0.37907591462135315,0.05931171774864197
-0.4932933449745178,-0.3785783648490906,0.04674029350280762
-0.4902419149875641,-0.3777727782726288,0.033681720495224
-0.4867895245552063,-0.37662822008132935,0.020182371139526367
-0.4828951358795166,-0.3751146197319031,0.006291747093200684
-0.4785205125808716,-0.3732026517391205,-0.007937312126159668
-0.47363126277923584,-0.3708646595478058,-0.02244827151298523
-0.4681968092918396,-0.3680749833583832,-0.03718051314353943
-0.46219098567962646,-0.36481040716171265,-0.05206957459449768
-0.45559272170066833,-0.36105120182037354,-0.06704726815223694
-0.4483861029148102,-0.3567812740802765,-0.08204182982444763
-0.44056081771850586,-0.35198909044265747,-0.09697845578193665
-0.43211275339126587,-0.3466684818267822,-0.11178003251552582
-0.4230439364910126,-0.3408186137676239,-0.12636786699295044
-0.4133630692958832,-0.33444496989250183,-0.1406627744436264
-0.4030853807926178,-0.3275592625141144,-0.15458619594573975
-0.39223286509513855,-0.3201797902584076,-0.16806134581565857
-0.3808341920375824,-0.3123314678668976,-0.18101435899734497
-0.3689243197441101,-0.3040456175804138,-0.19337575137615204
-0.35654449462890625,-0.29535967111587524,-0.20508161187171936
-0.35344335436820984,-0.2931496500968933,-0.20788836479187012
-0.3535773754119873,-0.29315996170043945,-0.20792126655578613
-0.3538065552711487,-0.2931775152683258,-0.20797741413116455
-0.35413211584091187,-0.29320240020751953,-0.20805710554122925
-0.3545551300048828,-0.29323458671569824,-0.2081603705883026
-0.35507673025131226,-0.2932741343975067,-0.20828738808631897
-0.3556976616382599,-0.2933209240436554,-0.20843809843063354
-0.3564186096191406,-0.2933749854564667,-0.20861241221427917
-0.35724014043807983,-0.29343611001968384,-0.20881015062332153
-0.3581625819206238,-0.29350414872169495,-0.20903101563453674
-0.3591863512992859,-0.2935790419578552,-0.20927470922470093
-0.36031147837638855,-0.2936604917049408,-0.20954078435897827
-0.3615378737449646,-0.2937483489513397,-0.2098286747932434
-0.3628654479980469,-0.2938423454761505,-0.21013781428337097
-0.3642937242984772,-0.2939421534538269,-0.21046751737594604
-0.3658221364021301,-0.2940475046634674,-0.210816890001297
-0.36744970083236694,-0.29415810108184814,-0.21118506789207458
-0.36917534470558167,-0.2942735254764557,-0.21157097816467285
-0.37099748849868774,-0.29439347982406616,-0.21197345852851868
-0.37291428446769714,-0.29451751708984375,-0.212391197681427
-0.37492334842681885,-0.2946452498435974,-0.21282276511192322
-0.3770217001438141,-0.2947761118412018,-0.21326664090156555
-0.3792058825492859,-0.2949097454547882,-0.21372100710868835
-0.3814714848995209,-0.2950455844402313,-0.21418404579162598
-0.383813738822937,-0.29518312215805054,-0.21465376019477844
-0.3862263858318329,-0.2953217923641205,-0.21512791514396667
-0.3887028098106384,-0.29546108841896057,-0.2156042456626892
-0.3912349343299866,-0.2956002950668335,-0.21608036756515503
-0.3938139081001282,-0.29573896527290344,-0.21655377745628357
-0.39642974734306335,-0.2958763837814331,-0.2170219123363495
-0.39907166361808777,-0.29601195454597473,-0.217482328414917
-0.4017280340194702,-0.29614514112472534,-0.21793252229690552
-0.40438681840896606,-0.29627537727355957,-0.2183701992034912
-0.4070358872413635,-0.29640212655067444,-0.21879330277442932
-0.4096631407737732,-0.2965250313282013,-0.2191999852657318
-0.4122573137283325,-0.2966436445713043,-0.21958878636360168
-0.4148080050945282,-0.2967577278614044,-0.2199586033821106
-0.41730645298957825,-0.2968670129776001,-0.22030875086784363
-0.41974544525146484,-0.29697152972221375,-0.22063890099525452
-0.4221198856830597,-0.2970711886882782,-0.22094914317131042
-0.4244263172149658,-0.29716604948043823,-0.22123989462852478
-0.4266631603240967,-0.29725632071495056,-0.2215118408203125
-0.428830623626709,-0.2973421812057495,-0.22176581621170044
-0.43092969059944153,-0.2974238395690918,-0.222002774477005
-0.4329623878002167,-0.2975015938282013,-0.22222375869750977
-0.434930682182312,-0.29757562279701233,-0.22242975234985352
-0.4368365406990051,-0.29764610528945923,-0.22262167930603027
-0.43868133425712585,-0.29771333932876587,-0.22280031442642212
-0.44046545028686523,-0.29777735471725464,-0.22296643257141113
-0.4421881437301636,-0.2978383004665375,-0.2231205403804779
-0.44384703040122986,-0.2978961765766144,-0.22326308488845825
-0.4454386234283447,-0.29795095324516296,-0.2233944535255432
-0.44695788621902466,-0.29800257086753845,-0.2235148549079895
-0.44839873909950256,-0.29805096983909607,-0.22362452745437622
-0.44975370168685913,-0.2980959415435791,-0.22372367978096008
-0.4510146975517273,-0.298137366771698,-0.22381243109703064
-0.45217302441596985,-0.29817503690719604,-0.22389096021652222
-0.4532196521759033,-0.2982087731361389,-0.22395944595336914
-0.4541454613208771,-0.2982383668422699,-0.22401806712150574
-0.45494186878204346,-0.29826366901397705,-0.22406703233718872
-0.45560064911842346,-0.29828447103500366,-0.22410649061203003
-0.45611417293548584,-0.2983006238937378,-0.2241365909576416
-0.4564756155014038,-0.29831191897392273,-0.224157452583313
-0.45667946338653564,-0.2983183264732361,-0.22416910529136658
-0.45765867829322815,-0.29875367879867554,-0.22320200502872467
-0.4720221757888794,-0.3054593503475189,-0.20739278197288513
-0.4854767620563507,-0.3118300437927246,-0.19080068171024323
-0.4979518949985504,-0.31784364581108093,-0.17353089153766632
-0.5093902349472046,-0.3234822750091553,-0.15569737553596497
-0.5197478532791138,-0.32873234152793884,-0.13742080330848694
-0.5289955735206604,-0.33358490467071533,-0.11882664263248444
-0.5371184945106506,-0.3380357027053833,-0.10004311800003052
-0.544116199016571,-0.3420850932598114,-0.08119900524616241
-0.5500025153160095,-0.34573784470558167,-0.062422022223472595
-0.5548044443130493,-0.34900331497192383,-0.04383653402328491
-0.5585612058639526,-0.351894736289978,-0.025562375783920288
-0.5613234043121338,-0.3544294238090515,-0.007712960243225098
-0.5631511211395264,-0.3566279113292694,0.009605616331100464
-0.5641127824783325,-0.3585139513015747,0.026295632123947144
-0.5642834305763245,-0.3601136803627014,0.0422685444355011
-0.5637429356575012,-0.3614554703235626,0.05744534730911255
-0.5625746846199036,-0.3625691533088684,0.0717567503452301
-0.5608633160591125,-0.3634856939315796,0.08514329791069031
-0.558694064617157,-0.3642364740371704,0.09755516052246094
-0.5561504364013672,-0.3648528456687927,0.10895149409770966
-0.5533134937286377,-0.36536556482315063,0.11930033564567566
-0.5502603054046631,-0.3658042550086975,0.12857778370380402
-0.5470631718635559,-0.3661971092224121,0.1367672234773636
-0.543788492679596,-0.3665698766708374,0.14385886490345
-0.5404960513114929,-0.3669459819793701,0.1498488485813141
-0.5372384786605835,-0.3673458695411682,0.154738649725914
-0.534061074256897,-0.3677864670753479,0.15853433310985565
-0.5310010313987732,-0.3682810962200165,0.16124635934829712
-0.5280873775482178,-0.3688390552997589,0.16288834810256958
-0.5253414511680603,-0.3694656491279602,0.16347742080688477
-0.5227761268615723,-0.37016183137893677,0.16303342580795288
-0.5203964710235596,-0.37092432379722595,0.16157850623130798
-0.5182000994682312,-0.371745765209198,0.15913721919059753
-0.516177237033844,-0.37261489033699036,0.15573592483997345
-0.5143111944198608,-0.37351658940315247,0.15140286087989807
-0.5125790238380432,-0.3744325637817383,0.14616765081882477
-0.5109519362449646,-0.37534165382385254,0.1400613635778427
-0.5093961358070374,-0.3762202262878418,0.13311609625816345
-0.5078732371330261,-0.3770424723625183,0.1253649741411209
-0.5063414573669434,-0.37778106331825256,0.11684194207191467
-0.5047557950019836,-0.37840735912323,0.10758194327354431
-0.5030695199966431,-0.37889182567596436,0.09762057662010193
-0.501234233379364,-0.37920403480529785,0.08699432015419006
-0.4992012679576874,-0.37931329011917114,0.07574087381362915
-0.4969218969345093,-0.37918826937675476,0.06389936804771423
-0.4943481683731079,-0.37879782915115356,0.051510512828826904
-0.49143335223197937,-0.378110408782959,0.03861716389656067
-0.48813289403915405,-0.3770950436592102,0.0252646803855896
-0.4844045341014862,-0.37572118639945984,0.011501461267471313
-0.48020875453948975,-0.3739590346813202,-0.002620875835418701
-0.47550973296165466,-0.37178027629852295,-0.017047017812728882
-0.47027531266212463,-0.36915823817253113,-0.03171774744987488
-0.4644774794578552,-0.3660687804222107,-0.04656994342803955
-0.45809340476989746,-0.36249062418937683,-0.06153646111488342
-0.451104998588562,-0.3584062457084656,-0.07654674351215363
-0.443499892950058,-0.3538024425506592,-0.09152673184871674
-0.435271680355072,-0.3486708700656891,-0.10639995336532593
-0.426420122385025,-0.3430086672306061,-0.1210879385471344
-0.4169514775276184,-0.336819052696228,-0.1355113685131073
-0.40687865018844604,-0.3301113545894623,-0.1495910882949829
-0.3962211608886719,-0.3229016363620758,-0.16324926912784576
-0.38500547409057617,-0.3152124583721161,-0.17641067504882812
-0.3732643127441406,-0.3070729374885559,-0.18900394439697266
-0.36103689670562744,-0.2985183894634247,-0.20096272230148315
-0.3534190058708191,-0.2931477725505829,-0.2078823745250702
-0.3535192012786865,-0.2931554913520813,-0.20790699124336243
-0.3537141680717468,-0.29317042231559753,-0.2079547643661499
-0.35400521755218506,-0.29319268465042114,-0.20802605152130127
-0.3543935716152191,-0.2932222783565521,-0.20812097191810608
-0.3548802435398102,-0.29325923323631287,-0.2082395851612091
-0.35546618700027466,-0.293303519487381,-0.20838198065757751
-0.35615208745002747,-0.2933550477027893,-0.20854806900024414
-0.35693857073783875,-0.2934137284755707,-0.20873767137527466
-0.3578260540962219,-0.2934793531894684,-0.20895057916641235
-0.3588148057460785,-0.2935519516468048,-0.20918646454811096
-0.35990509390830994,-0.2936311662197113,-0.20944488048553467
-0.3610968291759491,-0.2937168478965759,-0.20972540974617004
-0.3623899817466736,-0.2938087582588196,-0.21002739667892456
-0.3637840747833252,-0.29390662908554077,-0.21035024523735046
-0.3652786612510681,-0.2940101623535156,-0.2106930911540985
-0.36687296628952026,-0.29411908984184265,-0.21105507016181946
-0.36856579780578613,-0.29423296451568604,-0.2114351987838745
-0.37035584449768066,-0.2943514883518219,-0.21183231472969055
-0.3722413182258606,-0.29447418451309204,-0.2122451663017273
-0.3742198944091797,-0.2946007549762726,-0.2126724123954773
-0.3762889504432678,-0.29473066329956055,-0.21311244368553162
-0.3784451484680176,-0.2948634922504425,-0.21356365084648132
-0.38068440556526184,-0.2949987053871155,-0.214024156332016
-0.38300198316574097,-0.2951357960700989,-0.21449202299118042
-0.3853922188282013,-0.2952742278575897,-0.2149651050567627
-0.3878486156463623,-0.29541340470314026,-0.21544113755226135
-0.390363484621048,-0.2955527901649475,-0.21591776609420776
-0.39292827248573303,-0.29569169878959656,-0.21639251708984375
-0.3955332934856415,-0.2958296537399292,-0.21686285734176636
-0.39816808700561523,-0.29596593976020813,-0.21732628345489502
-0.4008212685585022,-0.29610002040863037,-0.21778029203414917
-0.4034809470176697,-0.29623132944107056,-0.21822255849838257
-0.40613484382629395,-0.2963593602180481,-0.21865084767341614
-0.40877094864845276,-0.2964836359024048,-0.21906331181526184
-0.41137754917144775,-0.2966037094593048,-0.21945837140083313
-0.4139440059661865,-0.29671934247016907,-0.21983471512794495
-0.41646093130111694,-0.29683029651641846,-0.2201915979385376
-0.41892069578170776,-0.2969364523887634,-0.22052854299545288
-0.421317458152771,-0.2970377206802368,-0.2208455204963684
-0.4236471652984619,-0.2971342206001282,-0.22114285826683044
-0.42590785026550293,-0.29722604155540466,-0.22142112255096436
-0.42809897661209106,-0.2973134219646454,-0.2216811180114746
-0.4302213490009308,-0.2973964512348175,-0.2219237983226776
-0.43227678537368774,-0.29747551679611206,-0.22215014696121216
