-0.5110723972320557,0.3752731382846832,0.14055860042572021
-0.5095089673995972,0.3761526942253113,0.133725106716156
-0.5079832077026367,0.3769787549972534,0.12608696520328522
-0.5064540505409241,0.3777243494987488,0.11767806112766266
-0.5048773884773254,0.37836122512817383,0.10853323340415955
-0.5032069683074951,0.3788602948188782,0.0986877977848053
-0.5013951659202576,0.379191517829895,0.08817827701568604
-0.4993937313556671,0.3793245255947113,0.0770421028137207
-0.4971543848514557,0.37922853231430054,0.06531786918640137
-0.49462947249412537,0.378872811794281,0.05304589867591858
-0.4917728304862976,0.37822622060775757,0.04026836156845093
-0.48853984475135803,0.37725830078125,0.027029961347579956
-0.4848884046077728,0.3759385943412781,0.013378053903579712
-0.4807792007923126,0.37423789501190186,-0.0006367862224578857
-0.47617602348327637,0.3721279501914978,-0.01496046781539917
-0.47104671597480774,0.36958226561546326,-0.02953505516052246
-0.4653629958629608,0.36657658219337463,-0.044298917055130005
-0.45910122990608215,0.36308950185775757,-0.05918654799461365
-0.452242910861969,0.35910317301750183,-0.07412870228290558
-0.444774866104126,0.35460376739501953,-0.08905303478240967
-0.4366895854473114,0.34958216547966003,-0.10388427972793579
-0.4279857277870178,0.34403473138809204,-0.1185455322265625
-0.41866832971572876,0.337963342666626,-0.1329585313796997
-0.40874889492988586,0.33137625455856323,-0.1470450609922409
-0.3982453942298889,0.32428795099258423,-0.16072803735733032
-0.3871825635433197,0.31671950221061707,-0.17393261194229126
-0.3755916357040405,0.3086983561515808,-0.18658749759197235
-0.36350980401039124,0.30025815963745117,-0.19862616062164307
-0.35340553522109985,0.2931467592716217,-0.20787909626960754
-0.3534877896308899,0.2931530475616455,-0.20789924263954163
-0.3536635637283325,0.29316654801368713,-0.20794236660003662
-0.35393446683883667,0.2931872606277466,-0.20800873637199402
-0.3543015420436859,0.2932153046131134,-0.20809850096702576
-0.35476604104042053,0.29325056076049805,-0.2082117795944214
-0.35532885789871216,0.29329314827919006,-0.20834866166114807
-0.35599076747894287,0.2933429479598999,-0.20850905776023865
-0.35675233602523804,0.2933998703956604,-0.20869284868240356
-0.3576141893863678,0.2934637665748596,-0.2088998556137085
-0.35857662558555603,0.293534517288208,-0.20912975072860718
-0.3596399128437042,0.29361197352409363,-0.20938220620155334
-0.36080414056777954,0.29369592666625977,-0.20965668559074402
-0.36206918954849243,0.29378607869148254,-0.20995274186134338
-0.36343488097190857,0.29388228058815,-0.21026965975761414
-0.36490073800086975,0.29398417472839355,-0.21060669422149658
-0.36646604537963867,0.29409146308898926,-0.21096304059028625
-0.3681299090385437,0.2942037880420685,-0.21133774518966675
-0.3698910176753998,0.29432088136672974,-0.21172964572906494
-0.37174779176712036,0.2944422662258148,-0.2121376395225525
-0.3736981451511383,0.29456761479377747,-0.21256035566329956
-0.3757396340370178,0.2946964502334595,-0.21299627423286438
-0.3778690695762634,0.29482829570770264,-0.2134438455104828
-0.38008278608322144,0.29496264457702637,-0.21390125155448914
-0.3823762834072113,0.29509907960891724,-0.2143665850162506
-0.38474419713020325,0.2952370047569275,-0.21483778953552246
-0.3871803283691406,0.29537585377693176,-0.215312659740448
-0.38967740535736084,0.2955150604248047,-0.2157888114452362
-0.3922271132469177,0.2956540584564209,-0.21626389026641846
-0.39482027292251587,0.29579219222068787,-0.21673530340194702
-0.3974466025829315,0.2959289252758026,-0.2172006070613861
-0.40009480714797974,0.296063631772995,-0.21765723824501038
-0.40275317430496216,0.2961956858634949,-0.2181028127670288
-0.4054095149040222,0.29632464051246643,-0.21853509545326233
-0.4080514907836914,0.2964499592781067,-0.21895205974578857
-0.4106673300266266,0.2965712547302246,-0.21935200691223145
-0.4132457375526428,0.29668813943862915,-0.2197335660457611
-0.4157771170139313,0.2968003749847412,-0.22009584307670593
-0.4182529151439667,0.29690784215927124,-0.22043821215629578
-0.4206666052341461,0.2970104217529297,-0.2207605540752411
-0.42301368713378906,0.29710814356803894,-0.22106307744979858
-0.4252914488315582,0.2972011864185333,-0.22134625911712646
-0.42749905586242676,0.2972896099090576,-0.2216108739376068
-0.42963680624961853,0.2973737418651581,-0.22185784578323364
-0.4317063093185425,0.29745370149612427,-0.22208818793296814
-0.43370965123176575,0.29752984642982483,-0.22230291366577148
-0.43564900755882263,0.2976022958755493,-0.22250297665596008
-0.43752622604370117,0.297671377658844,-0.22268927097320557
-0.43934255838394165,0.297737181186676,-0.22286266088485718
-0.44109803438186646,0.29779985547065735,-0.22302374243736267
-0.44279149174690247,0.29785946011543274,-0.22317305207252502
-0.44442036747932434,0.2979159951210022,-0.22331103682518005
-0.4459807872772217,0.29796943068504333,-0.22343796491622925
-0.4474674463272095,0.29801976680755615,-0.22355413436889648
-0.44887393712997437,0.2980668246746063,-0.22365975379943848
-0.4501926004886627,0.2981104254722595,-0.22375494241714478
-0.45141535997390747,0.2981504499912262,-0.2238399088382721
-0.45253342390060425,0.29818665981292725,-0.22391480207443237
-0.4535377621650696,0.2982189655303955,-0.22397980093955994
-0.45441970229148865,0.2982470989227295,-0.2240350842475891
-0.455170601606369,0.2982708811759949,-0.22408083081245422
-0.4557825028896332,0.2982901930809021,-0.2241172194480896
-0.4562481939792633,0.29830479621887207,-0.2241443693637848
-0.4565611183643341,0.29831463098526,-0.22416234016418457
-0.45671606063842773,0.2983194589614868,-0.22417116165161133
-0.46179503202438354,0.30067384243011475,-0.2188369631767273
-0.47586801648139954,0.30726855993270874,-0.202845498919487
-0.48901718854904175,0.313524067401886,-0.1861034780740738
-0.5011759996414185,0.3194194436073303,-0.16871771216392517
-0.5122911334037781,0.32493823766708374,-0.15080302953720093
-0.5223228931427002,0.33006802201271057,-0.1324804723262787
-0.5312458872795105,0.33480119705200195,-0.11387544870376587
-0.5390491485595703,0.33913469314575195,-0.09511525928974152
-0.5457358956336975,0.34306997060775757,-0.07632768154144287
-0.5513230562210083,0.3466129004955292,-0.05763863027095795
-0.5558406114578247,0.34977373480796814,-0.03917044401168823
-0.5593303442001343,0.3525667190551758,-0.02104058861732483
-0.5618448853492737,0.3550097346305847,-0.0033599436283111572
-0.5634458661079407,0.3571239709854126,0.013768017292022705
-0.5642028450965881,0.35893356800079346,0.030248552560806274
-0.5641916394233704,0.3604651093482971,0.045996010303497314
-0.5634923577308655,0.36174702644348145,0.060933858156204224
-0.5621881484985352,0.36280936002731323,0.07499584555625916
-0.5603634715080261,0.36368289589881897,0.08812487125396729
-0.5581022500991821,0.3643988072872162,0.10027346014976501
-0.5554872751235962,0.36498814821243286,0.11140309274196625
-0.5525980591773987,0.3654813766479492,0.121483713388443
-0.5495104193687439,0.36590754985809326,0.13049305975437164
-0.5462945699691772,0.36629408597946167,0.1384161114692688
-0.54301518201828,0.36666619777679443,0.14524435997009277
-0.5397302508354187,0.3670465350151062,0.15097501873970032
-0.5364906191825867,0.3674545884132385,0.155610591173172
-0.5333393812179565,0.36790648102760315,0.1591579020023346
-0.5303118824958801,0.36841464042663574,0.16162799298763275
-0.5274354815483093,0.3689873218536377,0.163035050034523
-0.5247295498847961,0.36962890625,0.16339682042598724
-0.5222052335739136,0.37033939361572266,0.16273348033428192
-0.5198661684989929,0.37111467123031616,0.16106761991977692
-0.5177084803581238,0.37194645404815674,0.15842415392398834
-0.5157208442687988,0.372822642326355,0.15482978522777557
-0.513885498046875,0.37372756004333496,0.15031306445598602
-0.5121784806251526,0.3746422529220581,0.1449040025472641
-0.5105700492858887,0.3755452036857605,0.1386338174343109
-0.5090255737304688,0.3764122724533081,0.13153491914272308
-0.507506251335144,0.3772175908088684,0.1236407607793808
-0.505969762802124,0.3779336214065552,0.11498546600341797
-0.5043711066246033,0.3785317540168762,0.10560399293899536
-0.5026633739471436,0.37898245453834534,0.09553217887878418
-0.5007983446121216,0.3792555332183838,0.08480668067932129
-0.4987277388572693,0.3793203830718994,0.07346531748771667
-0.4964030385017395,0.37914612889289856,0.061547279357910156
-0.49377694725990295,0.37870165705680847,0.04909345507621765
-0.490803599357605,0.37795600295066833,0.03614681959152222
-0.4874388873577118,0.3768784701824188,0.02275291085243225
-0.48364147543907166,0.375438928604126,0.008960247039794922
-0.47937285900115967,0.37360820174217224,-0.005179315805435181
-0.4745979905128479,0.3713585138320923,-0.01961040496826172
-0.46928563714027405,0.3686637282371521,-0.03427368402481079
-0.46340906620025635,0.36550045013427734,-0.04910600185394287
-0.45694616436958313,0.36184829473495483,-0.06404030323028564
-0.4498799443244934,0.35769039392471313,-0.07900607585906982
-0.4421989619731903,0.3530144691467285,-0.09392963349819183
-0.4338979125022888,0.3478130102157593,-0.10873478651046753
-0.42497745156288147,0.342084139585495,-0.12334367632865906
-0.41544464230537415,0.3358318507671356,-0.1376776397228241
-0.4053133428096771,0.3290664553642273,-0.1516583412885666
-0.39460381865501404,0.3218047022819519,-0.16520898044109344
-0.3833431303501129,0.3140698969364166,-0.17825545370578766
-0.3715646266937256,0.3058916926383972,-0.1907276064157486
-0.35930806398391724,0.2973060607910156,-0.20256048440933228
-0.3534242808818817,0.2931481897830963,-0.20788368582725525
-0.35353797674179077,0.2931568920612335,-0.20791158080101013
-0.3537459671497345,0.2931728661060333,-0.20796257257461548
-0.35404980182647705,0.29319608211517334,-0.20803695917129517
-0.3544504940509796,0.2932266294956207,-0.20813485980033875
-0.3549491763114929,0.2932644784450531,-0.20825639367103577
-0.355546772480011,0.29330959916114807,-0.20840153098106384
-0.3562438488006592,0.2933619022369385,-0.20857024192810059
-0.3570411801338196,0.29342132806777954,-0.20876234769821167
-0.3579391539096832,0.2934877276420593,-0.20897763967514038
-0.3589380085468292,0.2935609221458435,-0.20921573042869568
-0.36003807187080383,0.29364079236984253,-0.2094762921333313
-0.3612392544746399,0.2937270700931549,-0.20975878834724426
-0.36254143714904785,0.29381948709487915,-0.2100626528263092
-0.36394432187080383,0.29391783475875854,-0.21038717031478882
-0.36544737219810486,0.2940217852592468,-0.21073156595230103
-0.36704978346824646,0.2941310405731201,-0.21109500527381897
-0.3687504827976227,0.29424524307250977,-0.2114763855934143
-0.3705480098724365,0.2943641245365143,-0.21187466382980347
-0.3724406659603119,0.2944870889186859,-0.212288498878479
-0.3744262456893921,0.2946138381958008,-0.21271660923957825
-0.3765018880367279,0.29474392533302307,-0.21315732598304749
-0.3786643147468567,0.2948768436908722,-0.21360906958580017
-0.3809095621109009,0.29501214623451233,-0.21406999230384827
-0.38323265314102173,0.2951492667198181,-0.2145380973815918
-0.38562801480293274,0.2952876687049866,-0.21501123905181885
-0.38808900117874146,0.2954268455505371,-0.21548718214035034
-0.3906078636646271,0.2955661416053772,-0.2159634828567505
-0.39317595958709717,0.2957049608230591,-0.21643775701522827
-0.3957837224006653,0.2958427667617798,-0.21690744161605835
-0.3984203636646271,0.2959788143634796,-0.21736997365951538
-0.40107446908950806,0.29611262679100037,-0.21782293915748596
-0.4037339985370636,0.2962436378002167,-0.21826395392417908
-0.40638676285743713,0.29637137055397034,-0.21869084239006042
-0.40902048349380493,0.2964951992034912,-0.21910172700881958
-0.41162365674972534,0.2966149151325226,-0.2194949984550476
-0.4141855239868164,0.29673007130622864,-0.21986952424049377
-0.4166968762874603,0.2968405783176422,-0.22022441029548645
-0.4191499948501587,0.2969461679458618,-0.22055935859680176
-0.4215390384197235,0.2970469892024994,-0.22087427973747253
-0.4238603711128235,0.2971429228782654,-0.22116953134536743
-0.42611202597618103,0.2972342371940613,-0.2214457392692566
-0.4282935559749603,0.29732105135917664,-0.22170373797416687
-0.43040594458580017,0.29740360379219055,-0.22194448113441467
-0.432451069355011,0.2974821627140045,-0.2221689522266388
-0.4344310462474823,0.29755693674087524,-0.2223782241344452
-0.4363480806350708,0.29762816429138184,-0.2225731909275055
-0.4382036626338959,0.2976960241794586,-0.22275474667549133
-0.43999871611595154,0.2977607250213623,-0.22292360663414001
-0.441732794046402,0.2978222966194153,-0.22308039665222168
-0.4434041380882263,0.2978808283805847,-0.22322559356689453
-0.445009708404541,0.2979362905025482,-0.22335955500602722
-0.446544885635376,0.297988623380661,-0.22348260879516602
-0.4480040371417999,0.2980377972126007,-0.22359493374824524
-0.449380099773407,0.2980836033821106,-0.22369670867919922
-0.450665146112442,0.2981259226799011,-0.22378817200660706
-0.4518508017063141,0.29816457629203796,-0.22386938333511353
-0.4529281258583069,0.2981994152069092,-0.22394061088562012
-0.45388805866241455,0.2982301712036133,-0.224001944065094
-0.4547218382358551,0.29825669527053833,-0.22405365109443665
-0.45542111992836,0.2982788383960724,-0.22409582138061523
-0.4559779763221741,0.29829633235931396,-0.22412866353988647
-0.45638567209243774,0.2983091175556183,-0.22415226697921753
-0.45663803815841675,0.29831698536872864,-0.22416672110557556
-0.4567301273345947,0.29831987619400024,-0.2241719663143158
-0.4675038158893585,0.3033393621444702,-0.21256457269191742
-0.48123565316200256,0.3098098635673523,-0.19624046981334686
-0.49401313066482544,0.3159314692020416,-0.1792055368423462
-0.5057746767997742,0.3216848373413086,-0.16157037019729614
-0.5164721012115479,0.3270550072193146,-0.14345300197601318
-0.5260713696479797,0.3320315480232239,-0.12497703731060028
-0.534552812576294,0.3366085886955261,-0.1062692403793335
-0.5419113039970398,0.3407849371433258,-0.08745792508125305
-0.548155665397644,0.34456390142440796,-0.06867073476314545
-0.553308367729187,0.347953200340271,-0.05003282427787781
-0.557404637336731,0.3509647846221924,-0.03166520595550537
-0.5604908466339111,0.3536143898963928,-0.013683199882507324
-0.5626237392425537,0.35592156648635864,0.003804922103881836
-0.5638688802719116,0.3579087257385254,0.020698875188827515
-0.5642987489700317,0.3596012592315674,0.03690716624259949
-0.563991367816925,0.3610266149044037,0.052347660064697266
-0.5630286335945129,0.3622140884399414,0.06694793701171875
-0.5614948272705078,0.36319416761398315,0.08064532279968262
-0.5594746470451355,0.36399802565574646,0.093386709690094
-0.5570521354675293,0.3646569848060608,0.10512828826904297
-0.5543088912963867,0.3652019202709198,0.11583507061004639
-0.5513234734535217,0.36566290259361267,0.12548033893108368
-0.5481696128845215,0.3660685122013092,0.13404494524002075
-0.5449155569076538,0.3664453625679016,0.1415168046951294
-0.5416234731674194,0.3668177127838135,0.14788983762264252
-0.5383485555648804,0.36720696091651917,0.15316379070281982
-0.5351384878158569,0.3676312565803528,0.15734300017356873
-0.532033383846283,0.36810529232025146,0.16043633222579956
-0.5290651321411133,0.3686397969722748,0.16245627403259277
-0.5262577533721924,0.3692413568496704,0.16341878473758698
-0.5236271619796753,0.36991262435913086,0.16334258019924164
-0.5211813449859619,0.3706516623497009,0.1622491329908371
-0.5189204812049866,0.3714526891708374,0.16016216576099396
-0.5168375372886658,0.372305691242218,0.15710735321044922
-0.5149184465408325,0.3731970191001892,0.15311239659786224
-0.513142466545105,0.37410956621170044,0.14820647239685059
-0.5114828944206238,0.3750230669975281,0.14242029190063477
-0.5099079608917236,0.37591487169265747,0.1357855349779129
-0.5083808898925781,0.37675997614860535,0.128335103392601
-0.5068610906600952,0.3775317370891571,0.12010280787944794
-0.5053049921989441,0.378201961517334,0.11112305521965027
-0.5036664605140686,0.37874168157577515,0.10143128037452698
-0.5018978118896484,0.3791208863258362,0.09106364846229553
-0.499950647354126,0.37930911779403687,0.08005723357200623
-0.49777618050575256,0.3792755603790283,0.0684504508972168
-0.495326429605484,0.3789891004562378,0.05628332495689392
-0.4925544857978821,0.37841856479644775,0.043597519397735596
-0.48941487073898315,0.377532958984375,0.030437201261520386
-0.48586469888687134,0.37630170583724976,0.016849279403686523
-0.4818635880947113,0.3746948838233948,0.002883702516555786
-0.4773743152618408,0.37268370389938354,-0.011406034231185913
-0.4723634719848633,0.3702410161495209,-0.025962531566619873
-0.46680158376693726,0.3673417568206787,-0.040724754333496094
-0.460663765668869,0.3639635741710663,-0.05562758445739746
-0.45392999053001404,0.36008739471435547,-0.0706021785736084
-0.44658589363098145,0.3556983470916748,-0.08557623624801636
-0.4386223554611206,0.3507861793041229,-0.10047471523284912
-0.4300368130207062,0.3453456163406372,-0.11522024869918823
-0.42083272337913513,0.33937743306159973,-0.12973418831825256
-0.4110202491283417,0.3328883647918701,-0.14393770694732666
-0.40061601996421814,0.3258916139602661,-0.1577526330947876
-0.38964352011680603,0.31840693950653076,-0.17110297083854675
-0.37813276052474976,0.31046056747436523,-0.183915913105011
-0.3661201596260071,0.30208516120910645,-0.19612328708171844
-0.35364803671836853,0.29331934452056885,-0.20766261219978333
-0.3534647822380066,0.29315128922462463,-0.20789363980293274
-0.35362064838409424,0.2931632697582245,-0.20793187618255615
-0.35387179255485535,0.29318246245384216,-0.20799338817596436
-0.3542194366455078,0.2932090163230896,-0.20807841420173645
-0.35466474294662476,0.2932429313659668,-0.20818710327148438
-0.3552086055278778,0.2932840883731842,-0.20831945538520813
-0.355851948261261,0.2933325171470642,-0.20847547054290771
-0.3565952777862549,0.29338812828063965,-0.2086549997329712
-0.3574393093585968,0.29345086216926575,-0.2088579535484314
-0.35838425159454346,0.29352042078971863,-0.2090839147567749
-0.3594304919242859,0.2935968041419983,-0.20933261513710022
-0.36057808995246887,0.29367968440055847,-0.20960354804992676
-0.36182695627212524,0.29376891255378723,-0.2098962366580963
-0.3631769120693207,0.2938642203807831,-0.21020999550819397
-0.3646274209022522,0.29396528005599976,-0.21054410934448242
-0.3661779463291168,0.29407182335853577,-0.21089774370193481
-0.36782747507095337,0.29418349266052246,-0.21126994490623474
-0.36957481503486633,0.29429998993873596,-0.21165964007377625
-0.371418297290802,0.29442089796066284,-0.2120656669139862
-0.37335607409477234,0.2945457696914673,-0.2124866545200348
-0.375385582447052,0.29467424750328064,-0.2129211723804474
-0.37750372290611267,0.2948058247566223,-0.21336758136749268
-0.37970688939094543,0.2949400544166565,-0.21382415294647217
-0.3819906711578369,0.29507631063461304,-0.21428897976875305
-0.3843497931957245,0.2952142357826233,-0.2147599756717682
-0.3867780864238739,0.29535314440727234,-0.2152349352836609
-0.3892684280872345,0.2954924702644348,-0.2157115638256073
-0.39181268215179443,0.29563167691230774,-0.21618741750717163
-0.3944016098976135,0.29577013850212097,-0.2166600227355957
-0.3970250189304352,0.29590722918510437,-0.2171267569065094
-0.3996720016002655,0.2960422933101654,-0.21758517622947693
-0.40233057737350464,0.29617491364479065,-0.2180328667163849
-0.40498870611190796,0.2963044345378876,-0.21846747398376465
-0.40763407945632935,0.296430379152298,-0.21888703107833862
-0.41025474667549133,0.29655230045318604,-0.21928977966308594
-0.41283953189849854,0.2966699004173279,-0.21967428922653198
-0.4153783917427063,0.29678285121917725,-0.22003960609436035
-0.4178629219532013,0.29689109325408936,-0.22038507461547852
-0.4202861785888672,0.2969943881034851,-0.22071051597595215
-0.4226434826850891,0.29709288477897644,-0.2210160791873932
-0.424932062625885,0.29718661308288574,-0.22130224108695984
-0.42715054750442505,0.29727575182914734,-0.2215697467327118
-0.4292994737625122,0.2973605692386627,-0.22181949019432068
-0.4313802719116211,0.29744118452072144,-0.22205248475074768
-0.43339502811431885,0.29751795530319214,-0.2222697138786316
-0.4353457987308502,0.29759106040000916,-0.2224721908569336
-0.4372345805168152,0.2976607382297516,-0.22266080975532532
-0.43906277418136597,0.29772713780403137,-0.22283640503883362
-0.4408302307128906,0.2977903485298157,-0.22299957275390625
-0.44253623485565186,0.29785051941871643,-0.22315090894699097
-0.4441782236099243,0.29790765047073364,-0.22329086065292358
-0.4457523822784424,0.29796165227890015,-0.2234196960926056
-0.447253555059433,0.2980125844478607,-0.22353771328926086
-0.448675274848938,0.29806020855903625,-0.22364509105682373
-0.4500100612640381,0.2981044054031372,-0.22374197840690613
-0.4512496888637543,0.29814502596855164,-0.22382858395576477
-0.452385276556015,0.2981818914413452,-0.2239050269126892
-0.4534079134464264,0.2982148230075836,-0.22397151589393616
-0.4543085992336273,0.29824355244636536,-0.22402819991111755
-0.455078661441803,0.29826799035072327,-0.2240752875804901
-0.45570996403694153,0.29828792810440063,-0.22411292791366577
-0.45619505643844604,0.29830312728881836,-0.22414129972457886
-0.4565274715423584,0.29831355810165405,-0.22416040301322937
-0.4567015767097473,0.2983189821243286,-0.22417032718658447
-0.4602866768836975,0.29997366666793823,-0.22044289112091064
-0.47448450326919556,0.3066173493862152,-0.20449674129486084
-0.48776158690452576,0.3129224181175232,-0.18778617680072784
-0.5000497698783875,0.318867564201355,-0.17041775584220886
-0.5112939476966858,0.32443562150001526,-0.1525065302848816
-0.521452784538269,0.3296138048171997,-0.13417379558086395
-0.5304993987083435,0.3343939781188965,-0.11554552614688873
-0.5384214520454407,0.33877265453338623,-0.09674987196922302
-0.5452209711074829,0.3427508473396301,-0.07791540026664734
-0.5509139895439148,0.34633415937423706,-0.05916915833950043
-0.5555294752120972,0.3495326340198517,-0.040634721517562866
-0.5591086745262146,0.35236015915870667,-0.02243068814277649
-0.561703622341156,0.3548344671726227,-0.004669308662414551
-0.5633760094642639,0.35697680711746216,0.012544840574264526
-0.5641951560974121,0.35881108045578003,0.02911555767059326
-0.5642370581626892,0.36036404967308044,0.044956058263778687
-0.5635821223258972,0.36166417598724365,0.059988826513290405
-0.5623139142990112,0.36274152994155884,0.07414636015892029
-0.5605171322822571,0.3636270761489868,0.08737078309059143
-0.5582769513130188,0.364352285861969,0.09961375594139099
-0.5556762218475342,0.3649483919143677,0.11083604395389557
-0.5527955293655396,0.36544591188430786,0.12100698053836823
-0.5497112274169922,0.36587435007095337,0.13010382652282715
-0.5464945435523987,0.36626142263412476,0.1381111592054367
-0.5432107448577881,0.3666325807571411,0.14502017199993134
-0.5399186611175537,0.36701077222824097,0.150828018784523
-0.5366697311401367,0.3674158453941345,0.15553675591945648
-0.5335078239440918,0.36786413192749023,0.15915343165397644
-0.530468761920929,0.3683682680130005,0.16168886423110962
-0.5275804996490479,0.36893707513809204,0.16315746307373047
-0.5248629450798035,0.3695749044418335,0.16357672214508057
-0.522327721118927,0.3702821433544159,0.1629670113325119
-0.5199787616729736,0.37105488777160645,0.16135096549987793
-0.5178124308586121,0.37188491225242615,0.15875345468521118
-0.5158177018165588,0.3727604150772095,0.15520131587982178
-0.51397705078125,0.37366580963134766,0.15072304010391235
-0.5122665166854858,0.37458229064941406,0.14534863829612732
-0.5106564164161682,0.3754882514476776,0.13910941779613495
-0.5091122388839722,0.3763597011566162,0.13203777372837067
-0.5075950622558594,0.37717071175575256,0.1241670548915863
-0.5060625076293945,0.37789368629455566,0.11553144454956055
-0.5044695138931274,0.37849998474121094,0.1061657965183258
-0.5027687549591064,0.3789599537849426,0.09610605239868164
-0.5009121894836426,0.37924331426620483,0.08538874983787537
-0.49885088205337524,0.37931928038597107,0.07405173778533936
-0.4965363144874573,0.3791567385196686,0.06213420629501343
-0.49392077326774597,0.37872451543807983,0.04967701435089111
-0.49095815420150757,0.37799134850502014,0.03672325611114502
-0.4876040518283844,0.3769263029098511,0.023318499326705933
-0.48381680250167847,0.3754991292953491,0.009511321783065796
-0.4795573949813843,0.3736802935600281,-0.00464630126953125
-0.47479069232940674,0.37144172191619873,-0.019098758697509766
-0.4694851040840149,0.36875712871551514,-0.0337865948677063
-0.46361351013183594,0.3656028211116791,-0.04864633083343506
-0.4571535587310791,0.3619580566883087,-0.06361064314842224
-0.4500880241394043,0.35780584812164307,-0.07860861718654633
-0.4424054026603699,0.3531336188316345,-0.09356619417667389
-0.43410003185272217,0.34793373942375183,-0.10840678215026855
-0.42517250776290894,0.34220418334007263,-0.1230519562959671
-0.4156298339366913,0.33594873547554016,-0.1374225616455078
-0.4054858982563019,0.32917776703834534,-0.15143978595733643
-0.39476093649864197,0.32190796732902527,-0.1650262475013733
-0.3834821581840515,0.3141627609729767,-0.17810729146003723
-0.3716830909252167,0.3059718906879425,-0.19061221182346344
-0.3594035506248474,0.29737144708633423,-0.20247569680213928
-0.3534258306026459,0.29314833879470825,-0.2078840732574463
-0.35353851318359375,0.2931569218635559,-0.20791170001029968
-0.3537459373474121,0.2931728661060333,-0.20796257257461548
-0.35404959321022034,0.29319608211517334,-0.2080368995666504
-0.354450523853302,0.2932266294956207,-0.20813485980033875
-0.35494980216026306,0.2932645082473755,-0.20825651288032532
-0.3555484414100647,0.29330974817276,-0.20840191841125488
-0.3562469184398651,0.2933621108531952,-0.20857098698616028
-0.3570459187030792,0.2934216856956482,-0.2087634801864624
-0.3579460680484772,0.2934882342815399,-0.2089792788028717
-0.35894739627838135,0.29356157779693604,-0.20921796560287476
-0.3600502610206604,0.29364168643951416,-0.2094791829586029
-0.36125460267066956,0.2937281131744385,-0.2097623646259308
-0.3625601828098297,0.2938208281993866,-0.21006697416305542
-0.36396679282188416,0.2939193844795227,-0.2103923261165619
-0.36547374725341797,0.2940235733985901,-0.21073758602142334
-0.36708036065101624,0.29413312673568726,-0.21110185980796814
-0.3687853515148163,0.294247567653656,-0.2114841639995575
-0.37058746814727783,0.2943666875362396,-0.2118833363056183
-0.37248483300209045,0.29448992013931274,-0.21229809522628784
-0.37447503209114075,0.2946169376373291,-0.21272704005241394
-0.3765554428100586,0.2947472333908081,-0.21316862106323242
-0.378722608089447,0.2948804497718811,-0.2136211395263672
-0.38097235560417175,0.2950159013271332,-0.2140827775001526
-0.38329991698265076,0.2951532304286957,-0.21455150842666626
-0.3856993615627289,0.2952917814254761,-0.2150251865386963
-0.3881641626358032,0.29543107748031616,-0.2155015468597412
-0.3906865119934082,0.295570433139801,-0.21597820520401
-0.39325761795043945,0.29570937156677246,-0.21645265817642212
-0.3958677053451538,0.2958471179008484,-0.21692237257957458
-0.39850616455078125,0.2959831953048706,-0.21738481521606445
-0.4011613726615906,0.2961169481277466,-0.21783757209777832
-0.4038214683532715,0.2962479293346405,-0.21827822923660278
-0.4064740538597107,0.2963755130767822,-0.21870467066764832
-0.40910711884498596,0.29649925231933594,-0.2191150188446045
-0.4117089509963989,0.296618789434433,-0.21950766444206238
-0.4142690896987915,0.2967337965965271,-0.21988150477409363
-0.4167782664299011,0.29684412479400635,-0.22023573517799377
-0.419229120016098,0.2969495952129364,-0.2205699384212494
-0.421615868806839,0.2970501780509949,-0.22088420391082764
-0.4239349663257599,0.2971459925174713,-0.2211788296699524
-0.4261844754219055,0.2972371578216553,-0.2214544713497162
-0.42836427688598633,0.2973238527774811,-0.22171196341514587
-0.43047529458999634,0.29740631580352783,-0.22195222973823547
-0.43251940608024597,0.29748478531837463,-0.22217631340026855
-0.4344988167285919,0.2975594401359558,-0.2223852276802063
-0.4364156126976013,0.29763063788414,-0.2225799262523651
-0.43827125430107117,0.2976984977722168,-0.22276124358177185
-0.4400666058063507,0.2977631390094757,-0.22292986512184143
-0.44180095195770264,0.2978246808052063,-0.223086416721344
-0.44347256422042847,0.29788321256637573,-0.22323140501976013
-0.44507813453674316,0.29793864488601685,-0.2233651578426361
-0.4466131627559662,0.29799094796180725,-0.2234879434108734
-0.4480713903903961,0.2980400323867798,-0.22360000014305115
-0.4494459629058838,0.2980857789516449,-0.22370150685310364
-0.45072877407073975,0.29812800884246826,-0.22379258275032043
-0.45191115140914917,0.29816654324531555,-0.22387346625328064
-0.45298439264297485,0.29820123314857483,-0.22394424676895142
-0.4539390504360199,0.2982318103313446,-0.22400516271591187
-0.4547664523124695,0.29825812578201294,-0.22405636310577393
-0.45545822381973267,0.2982800006866455,-0.22409802675247192
-0.4560065269470215,0.2982972264289856,-0.22413033246994019
-0.45640450716018677,0.29830971360206604,-0.22415336966514587
-0.4566461443901062,0.2983172833919525,-0.22416719794273376
-0.4567263424396515,0.2983197569847107,-0.22417175769805908
-0.4686991572380066,0.30390018224716187,-0.2112123966217041
-0.4823789596557617,0.3103539049625397,-0.19479259848594666
-0.495094895362854,0.31645530462265015,-0.1776685118675232
-0.5067862272262573,0.3221856355667114,-0.15995220839977264
-0.5174056887626648,0.3275300860404968,-0.14176297187805176
-0.5269204378128052,0.3324786126613617,-0.12322548031806946
-0.5353119373321533,0.33702582120895386,-0.10446745157241821
-0.5425765514373779,0.34117087721824646,-0.08561784029006958
-0.5487246513366699,0.3449175953865051,-0.0668049305677414
-0.5537801384925842,0.3482741713523865,-0.04815411567687988
-0.5577793121337891,0.3512530028820038,-0.029786616563796997
-0.5607703328132629,0.3538704216480255,-0.011817514896392822
-0.5628111362457275,0.3561462461948395,0.005644887685775757
-0.5639684200286865,0.35810351371765137,0.022500991821289062
-0.5643157958984375,0.3597679138183594,0.03865969181060791
-0.5639322996139526,0.3611672818660736,0.05403965711593628
-0.5629005432128906,0.36233124136924744,0.06856921315193176
-0.5613053441047668,0.3632905185222626,0.08218646049499512
-0.5592319369316101,0.36407655477523804,0.09483924508094788
-0.5567644238471985,0.3647206425666809,0.10648460686206818
-0.5539847612380981,0.3652539849281311,0.11708857119083405
-0.5509712100028992,0.3657063841819763,0.1266251504421234
-0.5477972626686096,0.3661065697669983,0.13507619500160217
-0.5445308685302734,0.36648085713386536,0.14243043959140778
-0.5412336587905884,0.36685338616371155,0.1486826390028
-0.5379601716995239,0.36724525690078735,0.15383297204971313
-0.5347572565078735,0.367674320936203,0.15788684785366058
-0.531664252281189,0.3681548237800598,0.16085347533226013
-0.5287122130393982,0.36869698762893677,0.16274599730968475
-0.5259242057800293,0.36930713057518005,0.16358092427253723
-0.5233151912689209,0.3699871599674225,0.16337741911411285
-0.5208921432495117,0.3707347810268402,0.16215729713439941
-0.5186542272567749,0.3715435862541199,0.1599448174238205
-0.5165933966636658,0.3724031448364258,0.156765878200531
-0.5146945714950562,0.37329918146133423,0.1526484489440918
-0.5129362344741821,0.3742142915725708,0.14762195944786072
-0.5112906694412231,0.37512773275375366,0.1417173594236374
-0.5097253918647766,0.3760164678096771,0.13496661186218262
-0.5082027912139893,0.3768552243709564,0.12740254402160645
-0.5066818594932556,0.3776170313358307,0.11905914545059204
-0.5051183104515076,0.37827351689338684,0.10997101664543152
-0.5034655332565308,0.3787953555583954,0.10017365217208862
-0.5016756653785706,0.37915244698524475,0.08970332145690918
-0.4996998906135559,0.37931400537490845,0.07859739661216736
-0.49748939275741577,0.3792491555213928,0.06689447164535522
-0.49499601125717163,0.37892645597457886,0.05463483929634094
-0.4921727478504181,0.378314733505249,0.04186064004898071
-0.4889744520187378,0.377382755279541,0.028616487979888916
-0.48535826802253723,0.37609991431236267,0.014949917793273926
-0.481283962726593,0.3744361400604248,0.0009115636348724365
-0.47671476006507874,0.37236282229423523,-0.013444304466247559
-0.4716176688671112,0.3698527216911316,-0.028059542179107666
-0.46596357226371765,0.3668810725212097,-0.04287213087081909
-0.4597282409667969,0.3634257912635803,-0.057816118001937866
-0.4528924226760864,0.3594684302806854,-0.07282166182994843
-0.4454422891139984,0.3549945056438446,-0.08781568706035614
-0.4373699128627777,0.34999436140060425,-0.10272228717803955
-0.4286733865737915,0.3444638252258301,-0.11746348440647125
-0.4193573594093323,0.3384043276309967,-0.13196006417274475
-0.4094330668449402,0.33182379603385925,-0.14613279700279236
-0.3989182710647583,0.32473647594451904,-0.1599033921957016
-0.3878377676010132,0.31716328859329224,-0.17319577932357788
-0.3762226700782776,0.3091316819190979,-0.18593747913837433
-0.3641105592250824,0.3006754219532013,-0.1980608105659485
-0.3534083962440491,0.2931469678878784,-0.20787978172302246
-0.35348546504974365,0.2931528687477112,-0.20789870619773865
-0.3536568880081177,0.29316601157188416,-0.20794075727462769
-0.353924036026001,0.2931865155696869,-0.20800617337226868
-0.3542883098125458,0.29321426153182983,-0.2080952525138855
-0.35475069284439087,0.2932494282722473,-0.20820805430412292
-0.35531213879585266,0.2932918965816498,-0.20834460854530334
-0.355973482131958,0.29334166646003723,-0.20850488543510437
-0.3567352890968323,0.2933986186981201,-0.20868873596191406
-0.3575980067253113,0.2934626042842865,-0.2088959813117981
-0.35856208205223083,0.29353344440460205,-0.2091262936592102
-0.35962775349617004,0.2936111092567444,-0.20937931537628174
-0.36079496145248413,0.29369521141052246,-0.2096545398235321
-0.3620637059211731,0.2937856912612915,-0.2099514603614807
-0.36343371868133545,0.29388219118118286,-0.21026936173439026
-0.36490434408187866,0.29398441314697266,-0.21060752868652344
-0.36647501587867737,0.2940920293331146,-0.210965096950531
-0.3681446611881256,0.29420480132102966,-0.21134105324745178
-0.36991196870803833,0.29432225227355957,-0.21173429489135742
-0.3717752993106842,0.2944440543651581,-0.2121436595916748
-0.3737325370311737,0.29456979036331177,-0.2125677466392517
-0.37578099966049194,0.2946990132331848,-0.21300506591796875
-0.3779175281524658,0.294831246137619,-0.21345394849777222
-0.3801383376121521,0.2949659824371338,-0.21391260623931885
-0.3824387788772583,0.29510271549224854,-0.21437913179397583
-0.3848133087158203,0.29524099826812744,-0.21485140919685364
-0.3872557282447815,0.2953800857067108,-0.2153271734714508
-0.38975849747657776,0.29551950097084045,-0.2158041000366211
-0.3923133611679077,0.2956587076187134,-0.2162797451019287
-0.3949108421802521,0.2957969605922699,-0.2167515754699707
-0.3975405693054199,0.2959337532520294,-0.21721705794334412
-0.4001913070678711,0.2960684597492218,-0.2176736295223236
-0.4028512239456177,0.2962005138397217,-0.21811899542808533
-0.40550801157951355,0.2963293492794037,-0.21855086088180542
-0.4081495702266693,0.2964545786380768,-0.2189672887325287
-0.41076403856277466,0.2965756952762604,-0.21936655044555664
-0.41334056854248047,0.2966923713684082,-0.2197473645210266
-0.41586926579475403,0.29680442810058594,-0.2201087772846222
-0.4183422029018402,0.29691165685653687,-0.22045034170150757
-0.4207528829574585,0.2970140278339386,-0.2207718789577484
-0.4230971336364746,0.2971116006374359,-0.22107362747192383
-0.4253723919391632,0.2972044348716736,-0.2213561236858368
-0.4275779724121094,0.2972927391529083,-0.22162017226219177
-0.4297144412994385,0.29737675189971924,-0.2218666672706604
-0.4317832887172699,0.29745665192604065,-0.22209659218788147
-0.4337867200374603,0.29753273725509644,-0.22231099009513855
-0.435727059841156,0.2976052463054657,-0.22251084446907043
-0.4376058578491211,0.297674298286438,-0.22269701957702637
-0.43942421674728394,0.2977401316165924,-0.22287029027938843
-0.4411819577217102,0.2978028357028961,-0.22303128242492676
-0.44287776947021484,0.2978624403476715,-0.22318050265312195
-0.4445088505744934,0.29791903495788574,-0.22331836819648743
-0.4460710287094116,0.29797253012657166,-0.22344514727592468
-0.447558730840683,0.2980228066444397,-0.2235611081123352
-0.44896528124809265,0.2980698347091675,-0.2236664593219757
-0.45028284192085266,0.2981134057044983,-0.22376132011413574
-0.4515029788017273,0.2981533110141754,-0.22384586930274963
-0.45261675119400024,0.2981893718242645,-0.2239202857017517
-0.4536151587963104,0.2982214391231537,-0.2239847183227539
-0.4544891119003296,0.2982493042945862,-0.22403937578201294
-0.45523005723953247,0.2982727885246277,-0.22408440709114075
-0.4558299481868744,0.2982916831970215,-0.22412002086639404
-0.4562816023826599,0.298305869102478,-0.22414630651474
-0.45657849311828613,0.298315167427063,-0.22416335344314575
-0.45671549439430237,0.29831942915916443,-0.22417113184928894
-0.4637879729270935,0.3016054332256317,-0.21667265892028809
-0.4777924418449402,0.30817940831184387,-0.20050781965255737
-0.4908553957939148,0.3144081234931946,-0.18360137939453125
-0.5029116868972778,0.3202711343765259,-0.16606265306472778
-0.513909101486206,0.32575222849845886,-0.14800892770290375
-0.5238098502159119,0.33083978295326233,-0.12956348061561584
-0.5325905680656433,0.335526704788208,-0.11085352301597595
-0.5402424931526184,0.3398107588291168,-0.09200811386108398
-0.5467712879180908,0.3436940312385559,-0.0731561928987503
-0.5521964430809021,0.3471834063529968,-0.05442461371421814
-0.5565503239631653,0.350289911031723,-0.03593635559082031
-0.5598772764205933,0.3530285358428955,-0.017809003591537476
-0.5622323751449585,0.3554180860519409,-0.00015336275100708008
-0.563679575920105,0.35748064517974854,0.01692768931388855
-0.5642904043197632,0.35924097895622253,0.03334003686904907
-0.5641425848007202,0.3607264459133148,0.04899883270263672
-0.5633177757263184,0.3619661331176758,0.06382900476455688
-0.5619004368782043,0.36299049854278564,0.07776552438735962
-0.5599758625030518,0.3638308346271515,0.09075269103050232
-0.5576291084289551,0.3645187318325043,0.10274460911750793
-0.5549429655075073,0.3650853931903839,0.1137043833732605
-0.551997184753418,0.365561306476593,0.12360334396362305
-0.5488671064376831,0.3659755289554596,0.13242100179195404
-0.5456227660179138,0.36635535955429077,0.14014366269111633
-0.5423280000686646,0.3667258024215698,0.14676429331302643
-0.5390397906303406,0.3671090006828308,0.15228158235549927
-0.535807728767395,0.36752381920814514,0.15669895708560944
-0.532673716545105,0.36798587441444397,0.1600247472524643
-0.5296714305877686,0.3685067296028137,0.16227085888385773
-0.5268268585205078,0.3690940737724304,0.16345271468162537
-0.5241573452949524,0.3697511553764343,0.16358867287635803
-0.5216726064682007,0.37047719955444336,0.16269980370998383
-0.5193743705749512,0.37126708030700684,0.16080966591835022
-0.5172567963600159,0.37211164832115173,0.15794360637664795
-0.5153070688247681,0.37299782037734985,0.15412896871566772
-0.5135055780410767,0.37390923500061035,0.14939481019973755
-0.5118266940116882,0.3748260736465454,0.1437714546918869
-0.5102392435073853,0.3757261037826538,0.13729067146778107
-0.5087072253227234,0.37658464908599854,0.12998497486114502
-0.507190465927124,0.37737512588500977,0.12188808619976044
-0.505645751953125,0.3780696988105774,0.11303433775901794
-0.5040270090103149,0.37863919138908386,0.10345888137817383
-0.5022865533828735,0.37905368208885193,0.0931977927684784
-0.5003758668899536,0.3792826533317566,0.08228808641433716
-0.49824580550193787,0.3792950510978699,0.07076793909072876
-0.4958480894565582,0.3790595531463623,0.058677077293395996
-0.493135005235672,0.37854480743408203,0.046057045459747314
-0.49006086587905884,0.37771955132484436,0.032951682806015015
-0.4865817129611969,0.3765528202056885,0.019407570362091064
-0.4826565086841583,0.3750143349170685,0.005474388599395752
-0.4782472848892212,0.37307488918304443,-0.008794635534286499
-0.47331950068473816,0.37070658802986145,-0.023342609405517578
-0.4678429067134857,0.3678838312625885,-0.03810855746269226
-0.46179160475730896,0.3645835816860199,-0.05302762985229492
-0.4551445245742798,0.3607860803604126,-0.06803113222122192
-0.447886198759079,0.3564753830432892,-0.0830468088388443
-0.44000670313835144,0.35164037346839905,-0.09799936413764954
-0.43150216341018677,0.3462749719619751,-0.11281123757362366
-0.42237526178359985,0.3403788208961487,-0.1274033933877945
-0.412634938955307,0.3339577317237854,-0.1416962444782257
-0.40229713916778564,0.32702401280403137,-0.15561099350452423
-0.39138442277908325,0.3195964992046356,-0.1690705269575119
-0.379925936460495,0.31170061230659485,-0.1820010393857956
-0.3679574728012085,0.30336830019950867,-0.1943330019712448
-0.3555208444595337,0.2946377098560333,-0.2060025930404663
-0.3534519076347351,0.29315030574798584,-0.20789048075675964
-0.35359352827072144,0.29316118359565735,-0.2079252004623413
-0.3538306951522827,0.29317936301231384,-0.20798331499099731
-0.35416460037231445,0.2932048439979553,-0.20806503295898438
-0.3545965552330017,0.29323774576187134,-0.20817047357559204
-0.35512733459472656,0.29327794909477234,-0.2082996964454651
-0.35575783252716064,0.2933254539966583,-0.20845270156860352
-0.35648882389068604,0.2933802008628845,-0.20862933993339539
-0.3573206961154938,0.293442040681839,-0.20882946252822876
-0.3582538962364197,0.2935108542442322,-0.20905280113220215
-0.3592887222766876,0.29358649253845215,-0.2092989683151245
-0.3604251742362976,0.293668657541275,-0.2095675766468048
-0.3616633415222168,0.29375728964805603,-0.2098580002784729
-0.36300280690193176,0.29385197162628174,-0.21016967296600342
-0.3644433319568634,0.29395249485969543,-0.21050187945365906
-0.36598411202430725,0.29405856132507324,-0.2108537256717682
-0.36762428283691406,0.2941698431968689,-0.21122431755065918
-0.36936265230178833,0.29428595304489136,-0.21161258220672607
-0.37119758129119873,0.294406533241272,-0.21201732754707336
-0.3731271028518677,0.2945311665534973,-0.2124372124671936
-0.37514883279800415,0.2946593761444092,-0.21287080645561218
-0.37725961208343506,0.29479077458381653,-0.21331650018692017
-0.3794558346271515,0.29492488503456116,-0.21377253532409668
-0.3817332088947296,0.2950610816478729,-0.2142370045185089
-0.3840864598751068,0.2951989471912384,-0.2147078514099121
-0.38650956749916077,0.2953379154205322,-0.21518290042877197
-0.38899534940719604,0.29547736048698425,-0.21565982699394226
-0.39153575897216797,0.29561668634414673,-0.21613618731498718
-0.3941217064857483,0.2957552969455719,-0.21660950779914856
-0.3967430889606476,0.2958926260471344,-0.21707719564437866
-0.3993888795375824,0.2960280478000641,-0.21753674745559692
-0.40204736590385437,0.2961609363555908,-0.21798577904701233
-0.4047064781188965,0.2962908148765564,-0.21842196583747864
-0.407353937625885,0.29641714692115784,-0.2188432216644287
-0.40997785329818726,0.2965395450592041,-0.21924784779548645
-0.4125669002532959,0.29665762186050415,-0.21963435411453247
-0.4151110053062439,0.2967710793018341,-0.2200016975402832
-0.4176015257835388,0.29687976837158203,-0.2203492820262909
-0.42003172636032104,0.29698362946510315,-0.22067686915397644
-0.4223965108394623,0.2970826029777527,-0.2209845781326294
-0.4246930181980133,0.29717689752578735,-0.22127282619476318
-0.4269200563430786,0.2972666025161743,-0.22154241800308228
-0.429077684879303,0.2973518967628479,-0.22179415822029114
-0.4311673045158386,0.2974330186843872,-0.22202906012535095
-0.43319109082221985,0.2975102663040161,-0.2222481071949005
-0.43515095114707947,0.29758381843566895,-0.2224523425102234
-0.4370489716529846,0.2976539433002472,-0.22264260053634644
-0.43888646364212036,0.297720730304718,-0.2228197455406189
-0.44066351652145386,0.2977844178676605,-0.2229844629764557
-0.44237908720970154,0.2978450059890747,-0.22313722968101501
-0.4440309703350067,0.29790255427360535,-0.22327855229377747
-0.445615291595459,0.29795700311660767,-0.22340869903564453
-0.44712671637535095,0.2980082929134369,-0.2235279381275177
-0.44855910539627075,0.29805630445480347,-0.2236364781856537
-0.4499046206474304,0.29810091853141785,-0.22373446822166443
-0.4511551558971405,0.2981419563293457,-0.22382208704948425
-0.4523018002510071,0.2981792092323303,-0.22389951348304749
-0.45333558320999146,0.2982124984264374,-0.22396689653396606
-0.45424726605415344,0.29824164509773254,-0.22402441501617432
-0.4550282657146454,0.2982664108276367,-0.22407224774360657
-0.45567017793655396,0.29828664660453796,-0.22411060333251953
-0.4561656415462494,0.29830223321914673,-0.22413960099220276
-0.45650795102119446,0.2983129322528839,-0.22415930032730103
-0.45669156312942505,0.29831865429878235,-0.2241697609424591
-0.45965078473091125,0.29967984557151794,-0.22111165523529053
-0.4739168882369995,0.3063511848449707,-0.20516687631607056
-0.48726126551628113,0.3126833736896515,-0.1884503960609436
-0.4996148943901062,0.31865471601486206,-0.1710692048072815
-0.510921835899353,0.32424789667129517,-0.1531386375427246
-0.5211399793624878,0.3294498324394226,-0.13478077948093414
-0.5302419066429138,0.3342522382736206,-0.11612212657928467
-0.5382148623466492,0.3386514186859131,-0.09729164838790894
-0.545060396194458,0.34264832735061646,-0.07841871678829193
-0.5507944226264954,0.3462485671043396,-0.059631139039993286
-0.5554457306861877,0.34946200251579285,-0.041053324937820435
-0.5590555667877197,0.352302610874176,-0.022804677486419678
-0.5616762042045593,0.354788213968277,-0.004998236894607544
-0.5633693933486938,0.35693997144699097,0.01226070523262024
-0.5642049312591553,0.3587820529937744,0.028875410556793213
-0.5642591714859009,0.36034125089645386,0.04475831985473633
-0.5636128187179565,0.3616461753845215,0.0598316490650177
-0.5623499155044556,0.3627270460128784,0.07402729988098145
-0.5605558753013611,0.36361509561538696,0.08728712797164917
-0.5583161115646362,0.3643418252468109,0.09956254065036774
-0.5557140111923218,0.3649386763572693,0.11081409454345703
-0.5528307557106018,0.3654364347457886,0.12101112306118011
-0.5497428774833679,0.365864634513855,0.13013064861297607
-0.5465222001075745,0.36625123023986816,0.1381574422121048
-0.5432341694831848,0.3666217625141144,0.1450827568769455
-0.5399379730224609,0.36699923872947693,0.1509035974740982
-0.5366852283477783,0.36740362644195557,0.1556224226951599
-0.5335201025009155,0.3678514361381531,0.15924623608589172
-0.5304784774780273,0.36835530400276184,0.16178597509860992
-0.527588427066803,0.36892402172088623,0.1632562279701233
-0.5248696804046631,0.3695620894432068,0.1636747121810913
-0.522334098815918,0.3702698349952698,0.16306179761886597
-0.5199853777885437,0.37104326486587524,0.16144029796123505
-0.5178198218345642,0.37187427282333374,0.15883521735668182
-0.5158257484436035,0.37275058031082153,0.155277818441391
-0.5139855742454529,0.3736567497253418,0.15079671144485474
-0.5122753977775574,0.37457382678985596,0.14542174339294434
-0.5106655955314636,0.37548041343688965,0.1391841471195221
-0.509121835231781,0.3763524889945984,0.1321161985397339
-0.5076051354408264,0.37716424465179443,0.12425099313259125
-0.5060733556747437,0.37788820266723633,0.11562275886535645
-0.5044815540313721,0.3784956932067871,0.10626605153083801
-0.5027827024459839,0.37895721197128296,0.09621647000312805
-0.5009285807609558,0.37924259901046753,0.08551052212715149
-0.4988706707954407,0.37932103872299194,0.07418566942214966
-0.4965605139732361,0.37916162610054016,0.062280893325805664
-0.49395033717155457,0.3787330985069275,0.04983672499656677
-0.49099403619766235,0.3780043125152588,0.03689602017402649
-0.4876473546028137,0.3769444227218628,0.023503899574279785
-0.48386844992637634,0.37552306056022644,0.009708762168884277
-0.4796183705329895,0.3737107515335083,-0.004437744617462158
-0.47486168146133423,0.3714793026447296,-0.01888042688369751
-0.4695667624473572,0.3688024878501892,-0.033559948205947876
-0.46370628476142883,0.36565637588500977,-0.04841318726539612
-0.45725762844085693,0.36202019453048706,-0.06337299942970276
-0.45020344853401184,0.357876718044281,-0.07836869359016418
-0.44253188371658325,0.35321319103240967,-0.09332630038261414
-0.4342370331287384,0.34802180528640747,-0.10816927254199982
-0.42531922459602356,0.3423002064228058,-0.12281924486160278
-0.4157852530479431,0.3360521197319031,-0.13719701766967773
-0.40564846992492676,0.329287588596344,-0.15122365951538086
-0.39492931962013245,0.32202306389808655,-0.16482160985469818
-0.3836543560028076,0.31428176164627075,-0.17791599035263062
-0.3718571364879608,0.3060932755470276,-0.19043585658073425
-0.3595772087574005,0.29749351739883423,-0.20231550931930542
-0.35342493653297424,0.2931482493877411,-0.20788386464118958
-0.35353633761405945,0.29315680265426636,-0.2079111933708191
-0.35374265909194946,0.29317256808280945,-0.207961767911911
-0.35404521226882935,0.2931957244873047,-0.20803582668304443
-0.3544452488422394,0.2932262122631073,-0.20813357830047607
-0.35494381189346313,0.2932640612125397,-0.20825505256652832
-0.35554182529449463,0.29330921173095703,-0.20840033888816833
-0.3562399446964264,0.293361634016037,-0.20856928825378418
-0.3570388853549957,0.2934211492538452,-0.2087617814540863
-0.35793906450271606,0.2934877574443817,-0.20897763967514038
-0.35894086956977844,0.2935611605644226,-0.2092164158821106
-0.3600444793701172,0.29364126920700073,-0.20947781205177307
-0.3612498342990875,0.2937278151512146,-0.20976126194000244
-0.3625568747520447,0.2938205897808075,-0.21006619930267334
-0.3639652132987976,0.29391926527023315,-0.21039196848869324
-0.36547431349754333,0.29402363300323486,-0.2107377052307129
-0.367083340883255,0.2941333055496216,-0.21110257506370544
-0.3687913417816162,0.2942480146884918,-0.21148550510406494
-0.370596706867218,0.2943672835826874,-0.21188536286354065
-0.3724977374076843,0.2944907248020172,-0.21230089664459229
-0.3744920492172241,0.29461798071861267,-0.21273067593574524
-0.37657684087753296,0.29474857449531555,-0.21317312121391296
-0.37874868512153625,0.2948819696903229,-0.21362656354904175
-0.3810034692287445,0.29501771926879883,-0.21408909559249878
-0.38333624601364136,0.2951553165912628,-0.21455875039100647
-0.38574105501174927,0.2952941656112671,-0.21503332257270813
-0.38821107149124146,0.2954337000846863,-0.2155105173587799
-0.3907385766506195,0.29557326436042786,-0.2159879207611084
-0.3933146595954895,0.2957123816013336,-0.21646305918693542
-0.3959293067455292,0.29585033655166626,-0.21693328022956848
-0.39857158064842224,0.2959865629673004,-0.21739614009857178
-0.4012299180030823,0.29612037539482117,-0.21784907579421997
-0.40389201045036316,0.2962513267993927,-0.21828973293304443
-0.4065455496311188,0.29637888073921204,-0.21871596574783325
-0.4091782569885254,0.2965025305747986,-0.219125896692276
-0.4117783308029175,0.2966219484806061,-0.21951797604560852
-0.41433537006378174,0.29673677682876587,-0.2198910117149353
-0.4168403744697571,0.29684683680534363,-0.22024431824684143
-0.4192858934402466,0.2969519793987274,-0.22057756781578064
-0.4216666519641876,0.2970522940158844,-0.22089079022407532
-0.42397940158843994,0.29714781045913696,-0.2211844027042389
-0.4262225031852722,0.29723867774009705,-0.2214590609073639
-0.4283962845802307,0.29732513427734375,-0.22171565890312195
-0.43050187826156616,0.297407329082489,-0.22195520997047424
-0.4325414299964905,0.2974856197834015,-0.22217869758605957
-0.4345172047615051,0.2975601553916931,-0.2223871350288391
-0.43643155694007874,0.29763123393058777,-0.22258153557777405
-0.43828606605529785,0.29769906401634216,-0.22276264429092407
-0.44008126854896545,0.2977636456489563,-0.22293120622634888
-0.4418165683746338,0.29782524704933167,-0.22308778762817383
-0.4434899091720581,0.2978837788105011,-0.22323289513587952
-0.4450978636741638,0.2979393005371094,-0.22336676716804504
-0.4466356039047241,0.29799166321754456,-0.2234897017478943
-0.44809675216674805,0.29804086685180664,-0.22360190749168396
-0.4494740068912506,0.2980867028236389,-0.223703533411026
-0.45075902342796326,0.29812899231910706,-0.22379469871520996
-0.45194292068481445,0.29816755652427673,-0.22387558221817017
-0.4530164301395416,0.2982022166252136,-0.22394633293151855
-0.4539702534675598,0.2982327938079834,-0.22400709986686707
-0.45479530096054077,0.29825901985168457,-0.2240581214427948
-0.455483078956604,0.2982807457447052,-0.2240995168685913
-0.45602548122406006,0.29829779267311096,-0.22413143515586853
-0.4564158320426941,0.2983100414276123,-0.2241540253162384
-0.4566477835178375,0.2983173131942749,-0.22416728734970093
-0.4567165970802307,0.29831942915916443,-0.22417119145393372
-0.4700859487056732,0.3045528531074524,-0.20962417125701904
-0.4837397038936615,0.31100279092788696,-0.19304925203323364
-0.4964134097099304,0.31709474325180054,-0.175774484872818
-0.508046567440033,0.32280999422073364,-0.1579144299030304
-0.5185932517051697,0.3281341791152954,-0.13959085941314697
-0.5280213952064514,0.3330576419830322,-0.12093061208724976
-0.5363146066665649,0.33757537603378296,-0.1020636111497879
-0.543470561504364,0.34168729186058044,-0.08312059938907623
-0.5495018362998962,0.34539783000946045,-0.06423135101795197
-0.5544343590736389,0.34871581196784973,-0.045522600412368774
-0.5583069920539856,0.35165444016456604,-0.027116328477859497
-0.5611698627471924,0.3542309105396271,-0.009128332138061523
-0.5630833506584167,0.35646572709083557,0.00833311676979065
-0.5641161799430847,0.3583826720714569,0.025168120861053467
-0.564344048500061,0.36000823974609375,0.0412861704826355
-0.5638477802276611,0.3613709807395935,0.0566064715385437
-0.5627117156982422,0.3625011444091797,0.07105812430381775
-0.5610218048095703,0.3634299039840698,0.08458036184310913
-0.5588645935058594,0.3641892671585083,0.09712207317352295
-0.5563248991966248,0.3648109436035156,0.10864157974720001
-0.5534852743148804,0.3653261959552765,0.1191062480211258
-0.5504240989685059,0.365765243768692,0.12849141657352448
-0.547214925289154,0.36615654826164246,0.13678044080734253
-0.5439253449440002,0.3665265440940857,0.14396312832832336
-0.5406163930892944,0.3668990135192871,0.15003572404384613
-0.537341833114624,0.3672947585582733,0.1549997478723526
-0.5341475605964661,0.36773109436035156,0.15886148810386658
-0.531071662902832,0.3682217001914978,0.16163159906864166
-0.5281439423561096,0.36877620220184326,0.16332410275936127
-0.5253859162330627,0.3694000840187073,0.16395649313926697
-0.5228109359741211,0.3700944185256958,0.16354887187480927
-0.5204243063926697,0.3708561956882477,0.1621239334344864
-0.518223762512207,0.37167802453041077,0.1597064584493637
-0.5161994099617004,0.3725486695766449,0.15632329881191254
-0.5143344402313232,0.37345314025878906,0.15200278162956238
-0.5126056671142578,0.37437304854393005,0.14677493274211884
-0.5109840631484985,0.37528717517852783,0.14067097008228302
-0.5094355344772339,0.37617170810699463,0.13372324407100677
-0.5079212188720703,0.3770008087158203,0.12596486508846283
-0.5063987970352173,0.37774696946144104,0.11743004620075226
-0.5048229694366455,0.3783813714981079,0.10815370082855225
-0.5031464695930481,0.3788742423057556,0.09817138314247131
-0.5013206005096436,0.3791950047016144,0.08751970529556274
-0.49929583072662354,0.37931251525878906,0.07623633742332458
-0.4970231354236603,0.37919533252716064,0.06436040997505188
-0.49445411562919617,0.378811776638031,0.051932722330093384
-0.4915415048599243,0.37813010811805725,0.038996219635009766
-0.48824024200439453,0.37711888551712036,0.0255964994430542
-0.48450765013694763,0.37574711441993713,0.011782169342041016
-0.48030373454093933,0.3739846646785736,-0.00239485502243042
-0.47559216618537903,0.3718026876449585,-0.01687881350517273
-0.4703405201435089,0.36917421221733093,-0.031609922647476196
-0.46452048420906067,0.3660745620727539,-0.04652446508407593
-0.4581088125705719,0.3624822497367859,-0.061554670333862305
-0.45108726620674133,0.3583793640136719,-0.07662893831729889
-0.44344356656074524,0.3537525534629822,-0.09167248010635376
-0.4351710081100464,0.3485932946205139,-0.10660770535469055
-0.4262695908546448,0.34289878606796265,-0.12135522067546844
-0.41674572229385376,0.33667227625846863,-0.13583458960056305
-0.4066126346588135,0.3299233317375183,-0.14996570348739624
-0.39589038491249084,0.3226684033870697,-0.1636696755886078
-0.3846057653427124,0.31493043899536133,-0.17687034606933594
-0.3727923631668091,0.3067391812801361,-0.18949557840824127
-0.36048996448516846,0.29813066124916077,-0.20147831737995148
-0.3534255623817444,0.29314830899238586,-0.2078840136528015
-0.35352933406829834,0.2931562662124634,-0.207909494638443
-0.3537288010120392,0.2931715250015259,-0.2079583704471588
-0.35402530431747437,0.2931942343711853,-0.20803096890449524
-0.354420006275177,0.2932243049144745,-0.20812740921974182
-0.35491394996643066,0.2932617962360382,-0.2082478106021881
-0.355508029460907,0.29330670833587646,-0.20839214324951172
-0.3562029004096985,0.29335886240005493,-0.20856034755706787
-0.3569991886615753,0.2934182286262512,-0.20875224471092224
-0.3578972816467285,0.2934846580028534,-0.20896762609481812
-0.3588975965976715,0.2935580015182495,-0.20920613408088684
-0.36000001430511475,0.29363805055618286,-0.2094673216342926
-0.3612048327922821,0.29372456669807434,-0.2097507119178772
-0.3625115752220154,0.29381734132766724,-0.21005567908287048
-0.3639199733734131,0.29391613602638245,-0.21038153767585754
-0.3654294013977051,0.29402056336402893,-0.2107274830341339
-0.3670390248298645,0.2941303551197052,-0.21109256148338318
-0.36874765157699585,0.29424506425857544,-0.21147575974464417
-0.37055379152297974,0.29436448216438293,-0.21187591552734375
-0.3724554777145386,0.29448801279067993,-0.21229171752929688
-0.37445056438446045,0.29461532831192017,-0.2127217948436737
-0.37653589248657227,0.2947460114955902,-0.21316450834274292
-0.37870824337005615,0.2948795557022095,-0.21361815929412842
-0.38096317648887634,0.2950153350830078,-0.21408089995384216
-0.3832957446575165,0.2951529622077942,-0.2145507037639618
-0.3857002854347229,0.29529181122779846,-0.21502536535263062
-0.38816964626312256,0.29543137550354004,-0.21550258994102478
-0.3906961679458618,0.295570969581604,-0.21598002314567566
-0.3932710886001587,0.29571008682250977,-0.2164551019668579
-0.3958843946456909,0.29584801197052,-0.21692532300949097
-0.39852532744407654,0.2959841787815094,-0.21738815307617188
-0.40118247270584106,0.29611802101135254,-0.21784108877182007
-0.40384364128112793,0.2962489724159241,-0.2182818353176117
-0.4064967632293701,0.2963765859603882,-0.21870827674865723
-0.40912967920303345,0.2965003252029419,-0.21911844611167908
-0.41173094511032104,0.2966197729110718,-0.21951094269752502
-0.41429024934768677,0.2967347502708435,-0.21988454461097717
-0.41679853200912476,0.2968449592590332,-0.22023850679397583
-0.41924840211868286,0.29695039987564087,-0.22057253122329712
-0.4216345250606537,0.29705098271369934,-0.22088661789894104
-0.4239533841609955,0.297146737575531,-0.22118112444877625
-0.42620328068733215,0.29723790287971497,-0.22145673632621765
-0.42838412523269653,0.29732462763786316,-0.22171425819396973
-0.43049702048301697,0.2974071204662323,-0.22195467352867126
-0.4325438439846039,0.29748570919036865,-0.22217893600463867
-0.4345267713069916,0.29756054282188416,-0.2223881483078003
-0.4364476799964905,0.2976318597793579,-0.2225831151008606
-0.43830806016921997,0.29769983887672424,-0.2227647304534912
-0.44010844826698303,0.2977646291255951,-0.22293370962142944
-0.44184812903404236,0.29782634973526,-0.22309061884880066
-0.44352495670318604,0.297885000705719,-0.2232358753681183
-0.44513553380966187,0.29794061183929443,-0.22336983680725098
-0.4466747045516968,0.297993004322052,-0.22349277138710022
-0.44813641905784607,0.2980422079563141,-0.22360488772392273
-0.44951331615448,0.2980879843235016,-0.22370636463165283
-0.45079711079597473,0.2981302738189697,-0.22379735112190247
-0.4519788920879364,0.29816874861717224,-0.22387799620628357
-0.45304951071739197,0.29820331931114197,-0.22394847869873047
-0.4539998173713684,0.2982337474822998,-0.2240089774131775
-0.45482075214385986,0.2982598543167114,-0.22405967116355896
-0.45550382137298584,0.2982814311981201,-0.2241007387638092
-0.45604124665260315,0.29829832911491394,-0.22413235902786255
-0.45642614364624023,0.29831039905548096,-0.22415462136268616
-0.45665252208709717,0.29831746220588684,-0.22416755557060242
-0.45671549439430237,0.29831942915916443,-0.22417113184928894
-0.47058239579200745,0.3047858774662018,-0.2090534120798111
-0.4841982424259186,0.3112213909626007,-0.192457914352417
-0.49683213233947754,0.3172984719276428,-0.1751670092344284
-0.5084244012832642,0.32299840450286865,-0.15729555487632751
-0.5189293026924133,0.3283071219921112,-0.13896530866622925
-0.5283157825469971,0.3332151174545288,-0.12030324339866638
-0.5365676879882812,0.3377177119255066,-0.10143908858299255
-0.5436832904815674,0.34181472659111023,-0.08250358700752258
-0.549675703048706,0.345510870218277,-0.06362618505954742
-0.554571270942688,0.3488151431083679,-0.04493340849876404
-0.5584092140197754,0.3517409563064575,-0.02654692530632019
-0.5612399578094482,0.35430535674095154,-0.008582085371017456
-0.5631240606307983,0.3565291166305542,0.008853018283843994
-0.5641305446624756,0.35843610763549805,0.025659173727035522
-0.5643351078033447,0.36005282402038574,0.04174607992172241
-0.5638187527656555,0.3614078164100647,0.057033419609069824
-0.562665581703186,0.3625313341617584,0.07145074009895325
-0.5609617829322815,0.3634546399116516,0.0849374532699585
-0.5587934255599976,0.3642095923423767,0.09744302928447723
-0.5562455654144287,0.3648279309272766,0.10892590880393982
-0.5534001588821411,0.3653409481048584,0.11935380101203918
-0.5503355860710144,0.36577853560447693,0.12870244681835175
-0.5471251606941223,0.366169273853302,0.13695520162582397
-0.5438361167907715,0.3665394186973572,0.1441020965576172
-0.5405292510986328,0.3669126331806183,0.1501396745443344
-0.5372580289840698,0.3673096299171448,0.15506938099861145
-0.5340680480003357,0.3677476644515991,0.1588977724313736
-0.5309971570968628,0.3682401776313782,0.16163532435894012
-0.5280749201774597,0.3687967360019684,0.16329644620418549
-0.5253224968910217,0.3694226145744324,0.16389836370944977
-0.5227531790733337,0.37011897563934326,0.1634613573551178
-0.5203719139099121,0.37088239192962646,0.1620081216096878
-0.518176257610321,0.3717055916786194,0.15956339240074158
-0.5161560773849487,0.3725771903991699,0.15615400671958923
-0.5142945051193237,0.37348198890686035,0.15180842578411102
-0.5125681161880493,0.37440162897109985,0.14655648171901703
-0.5109478235244751,0.375314861536026,0.14042942225933075
-0.5093994140625,0.3761977553367615,0.1334596872329712
-0.5078839659690857,0.3770243525505066,0.1256803572177887
-0.5063590407371521,0.37776729464530945,0.11712566018104553
-0.5047794580459595,0.3783975839614868,0.10783037543296814
-0.5030977725982666,0.3788854479789734,0.09783020615577698
-0.501265287399292,0.379200279712677,0.08716174960136414
-0.499232679605484,0.3793110251426697,0.0758628249168396
-0.49695083498954773,0.37918621301651,0.06397247314453125
-0.49437129497528076,0.3787940740585327,0.05153173208236694
-0.4914471507072449,0.37810295820236206,0.03858348727226257
-0.48813313245773315,0.37708139419555664,0.025173425674438477
-0.4843868017196655,0.3756984770298004,0.01135033369064331
-0.4801682233810425,0.3739240765571594,-0.002833724021911621
-0.4754413068294525,0.37172943353652954,-0.017322927713394165
-0.4701736271381378,0.3690876364707947,-0.03205743432044983
-0.46433714032173157,0.36597421765327454,-0.04697331786155701
-0.45790863037109375,0.3623676896095276,-0.062002718448638916
-0.45087021589279175,0.35825037956237793,-0.07707400619983673
-0.44320952892303467,0.35360896587371826,-0.09211234748363495
-0.4349202811717987,0.3484351336956024,-0.10704004764556885
-0.426002562046051,0.34272634983062744,-0.12177774310112
-0.41646307706832886,0.33648598194122314,-0.13624507188796997
-0.4063150882720947,0.3297238349914551,-0.15036195516586304
-0.39557892084121704,0.3224564492702484,-0.16404959559440613
-0.38428157567977905,0.31470707058906555,-0.1772320717573166
-0.37245669960975647,0.3065055012702942,-0.18983735144138336
-0.36014440655708313,0.29788798093795776,-0.20179861783981323
-0.353426992893219,0.293148398399353,-0.20788434147834778
-0.35353341698646545,0.29315656423568726,-0.2079104781150818
-0.3537355363368988,0.29317206144332886,-0.20796000957489014
-0.3540346026420593,0.2931949198246002,-0.2080332338809967
-0.3544318974018097,0.2932252287864685,-0.20813032984733582
-0.3549284338951111,0.29326289892196655,-0.20825132727622986
-0.35552504658699036,0.29330796003341675,-0.20839625597000122
-0.3562224507331848,0.29336032271385193,-0.20856508612632751
-0.3570212721824646,0.29341983795166016,-0.20875754952430725
-0.3579217791557312,0.29348641633987427,-0.2089734673500061
-0.3589244782924652,0.2935599684715271,-0.2092125117778778
-0.36002930998802185,0.29364013671875,-0.20947423577308655
-0.3612363338470459,0.2937268316745758,-0.20975810289382935
-0.36254534125328064,0.29381975531578064,-0.21006354689598083
-0.36395594477653503,0.293918639421463,-0.21038982272148132
-0.36546754837036133,0.29402318596839905,-0.21073615550994873
-0.3670791685581207,0.2941330075263977,-0.21110162138938904
-0.3687897324562073,0.29424789547920227,-0.2114851474761963
-0.370597779750824,0.29436737298965454,-0.21188560128211975
-0.3725013732910156,0.2944909930229187,-0.21230167150497437
-0.37449806928634644,0.2946183979511261,-0.2127319574356079
-0.37658506631851196,0.29474908113479614,-0.21317484974861145
-0.37875884771347046,0.2948826253414154,-0.21362867951393127
-0.3810151517391205,0.2950184643268585,-0.2140914797782898
-0.38334906101226807,0.2951560914516449,-0.2145613133907318
-0.3857545852661133,0.29529494047164917,-0.21503597497940063
-0.3882249593734741,0.29543444514274597,-0.2155131697654724
-0.39075231552124023,0.2955740690231323,-0.21599048376083374
-0.3933277428150177,0.29571306705474854,-0.21646544337272644
-0.39594146609306335,0.2958509624004364,-0.21693545579910278
-0.3985826373100281,0.2959871292114258,-0.2173980474472046
-0.40123969316482544,0.29612088203430176,-0.2178507149219513
-0.40390074253082275,0.2962517738342285,-0.21829116344451904
-0.4065534472465515,0.2963792681694031,-0.21871724724769592
-0.4091857075691223,0.29650288820266724,-0.21912705898284912
-0.41178634762763977,0.29662227630615234,-0.21951916813850403
-0.4143447279930115,0.2967371642589569,-0.21989238262176514
-0.4168519377708435,0.29684731364250183,-0.22024592757225037
-0.41930073499679565,0.29695260524749756,-0.22057956457138062
-0.4216857850551605,0.29705309867858887,-0.2208932340145111
-0.4240034222602844,0.29714882373809814,-0.22118738293647766
-0.42625218629837036,0.29723986983299255,-0.22146263718605042
-0.428431898355484,0.29732653498649597,-0.22171977162361145
-0.4305436611175537,0.29740896821022034,-0.22195985913276672
-0.4325893521308899,0.29748743772506714,-0.22218385338783264
-0.43457114696502686,0.2975621819496155,-0.222392737865448
-0.4364909529685974,0.29763343930244446,-0.2225874364376068
-0.43835020065307617,0.2977013885974884,-0.22276875376701355
-0.44014933705329895,0.2977661192417145,-0.2229374647140503
-0.4418877065181732,0.29782775044441223,-0.22309410572052002
-0.4435631334781647,0.29788634181022644,-0.22323909401893616
-0.4451720118522644,0.29794183373451233,-0.22337281703948975
-0.446709543466568,0.2979941964149475,-0.2234955132007599
-0.44816941022872925,0.29804331064224243,-0.2236073911190033
-0.4495440721511841,0.29808902740478516,-0.2237085998058319
-0.450825572013855,0.29813116788864136,-0.22379931807518005
-0.4520047605037689,0.2981695830821991,-0.22387972474098206
-0.4530726671218872,0.29820406436920166,-0.22394996881484985
-0.45402002334594727,0.29823440313339233,-0.22401022911071777
-0.4548377990722656,0.2982603907585144,-0.22406071424484253
-0.45551764965057373,0.29828187823295593,-0.22410157322883606
-0.4560517370700836,0.2982986271381378,-0.2241329550743103
-0.45643314719200134,0.2983105778694153,-0.2241550087928772
-0.45665597915649414,0.298317551612854,-0.22416776418685913
-0.45671534538269043,0.29831942915916443,-0.22417113184928894
-0.4708719551563263,0.3049216866493225,-0.2087198942899704
-0.48446550965309143,0.31134873628616333,-0.1921125054359436
-0.49707603454589844,0.3174170255661011,-0.1748124063014984
-0.5086442828178406,0.323108047246933,-0.1569344401359558
-0.5191247463226318,0.3284077048301697,-0.13860048353672028
-0.5284869074821472,0.33330675959587097,-0.11993744969367981
-0.5367146134376526,0.33780044317245483,-0.10107511281967163
-0.5438067317008972,0.34188878536224365,-0.08214406669139862
-0.5497764945030212,0.34557655453681946,-0.06327362358570099
-0.554650604724884,0.34887292981147766,-0.04459023475646973
-0.5584682822227478,0.3517912030220032,-0.02621522545814514
-0.561280369758606,0.3543485999107361,-0.008263945579528809
-0.5631474256515503,0.3565659821033478,0.009155958890914917
-0.5641385316848755,0.3584672212600708,0.025945276021957397
-0.5643296241760254,0.36007869243621826,0.042014092206954956
-0.5638015270233154,0.36142921447753906,0.05728226900100708
-0.5626384615898132,0.3625488877296448,0.07167956233024597
-0.5609265565872192,0.36346903443336487,0.08514571189880371
-0.5587519407272339,0.364221453666687,0.09763020277023315
-0.5561990737915039,0.3648378551006317,0.1090918630361557
-0.5533503890037537,0.3653494715690613,0.11949840188026428
-0.5502839088439941,0.36578625440597534,0.12882578372955322
-0.5470726490020752,0.36617666482925415,0.1370573788881302
-0.543783962726593,0.3665468692779541,0.14418356120586395
-0.5404782891273499,0.3669205904006958,0.15020062029361725
-0.5372089743614197,0.367318332195282,0.1551104336977005
-0.5340214967727661,0.36775729060173035,0.15891936421394348
-0.530953586101532,0.36825090646743774,0.1616380661725998
-0.528034508228302,0.36880868673324585,0.16328082978725433
-0.5252853631973267,0.36943578720092773,0.16386505961418152
-0.5227192640304565,0.3701331913471222,0.16341093182563782
-0.520341157913208,0.37089768052101135,0.161941260099411
-0.5181483030319214,0.37172162532806396,0.15948061645030975
-0.5161305069923401,0.3725937604904175,0.15605603158473969
-0.5142709016799927,0.373498797416687,0.15169580280780792
-0.5125459432601929,0.37441831827163696,0.1464298665523529
-0.5109264254570007,0.37533095479011536,0.14028950035572052
-0.5093780755996704,0.3762128949165344,0.13330699503421783
-0.5078619718551636,0.3770380914211273,0.12551560997962952
-0.5063356757164001,0.3777790665626526,0.11694931983947754
-0.504753828048706,0.37840694189071655,0.10764318704605103
-0.5030692219734192,0.3788919150829315,0.09763279557228088
-0.5012329816818237,0.3792033791542053,0.08695480227470398
